DATAFLOW,COLLECTION,REF_AREA,FREQ,SURVEY,MEASURE,SEX,ECO,TIME_PERIOD,OBS_VALUE,T3,S3,T12,I13,S11,S4,R1,T5,S14,I11,S7,S9,C5,S5,T2,OBS_STATUS,UNIT_MEASURE_TYPE,UNIT_MEASURE,UNIT_MULT,FREE_TEXT_NOTE,DECIMALS,SOURCE,INDICATOR
ILO:DF_YI_YEM_EMP_TEMP_SEX_ECO_DT(1.0),YI,YEM,A,585,EMP_TEMP_DT,SEX_M,ECO_AGGREGATE_PUB,1991,18.94,,,,,,,,,,,,,,,,,DT,PT,0,,1,EA,EMP_TEMP_SEX_ECO_DT
ILO:DF_YI_YEM_EMP_TEMP_SEX_ECO_DT(1.0),YI,YEM,A,585,EMP_TEMP_DT,SEX_M,ECO_AGGREGATE_PUB,1998,18.69,,,,,,,,,,,,,,,,,DT,PT,0,,1,EA,EMP_TEMP_SEX_ECO_DT
ILO:DF_YI_YEM_EMP_TEMP_SEX_ECO_DT(1.0),YI,YEM,A,585,EMP_TEMP_DT,SEX_T,ECO_ISIC2_2,1991,0.42,,,,,,,,,,,,,,,,,DT,PT,0,,1,EA,EMP_TEMP_SEX_ECO_DT
ILO:DF_YI_YEM_EMP_TEMP_SEX_ECO_DT(1.0),YI,YEM,A,585,EMP_TEMP_DT,SEX_M,ECO_ISIC2_3,1991,4.42,,,,,,,,,,,,,,,,,DT,PT,0,,1,EA,EMP_TEMP_SEX_ECO_DT
ILO:DF_YI_YEM_EMP_TEMP_SEX_ECO_DT(1.0),YI,YEM,A,585,EMP_TEMP_DT,SEX_M,ECO_ISIC2_6,1991,12.09,,,,,,,,,,,,,,,,,DT,PT,0,,1,EA,EMP_TEMP_SEX_ECO_DT
ILO:DF_YI_YEM_EMP_TEMP_SEX_ECO_DT(1.0),YI,YEM,A,585,EMP_TEMP_DT,SEX_F,ECO_ISIC2_1,1991,83.14,,,,,,,,,,,,,,,,,DT,PT,0,,1,EA,EMP_TEMP_SEX_ECO_DT
ILO:DF_YI_YEM_EMP_TEMP_SEX_ECO_DT(1.0),YI,YEM,A,585,EMP_TEMP_DT,SEX_F,ECO_ISIC2_4,1991,0.22,,,,,,,,,,,,,,,,,DT,PT,0,,1,EA,EMP_TEMP_SEX_ECO_DT
ILO:DF_YI_YEM_EMP_TEMP_SEX_ECO_DT(1.0),YI,YEM,A,585,EMP_TEMP_DT,SEX_M,ECO_SECTOR_X,1991,4.84,,,,,,,,,,,,,,,,,DT,PT,0,,1,EA,EMP_TEMP_SEX_ECO_DT
ILO:DF_YI_YEM_EMP_TEMP_SEX_ECO_DT(1.0),YI,YEM,A,585,EMP_TEMP_DT,SEX_M,ECO_SECTOR_X,1998,0.95,,,,,,,,,,,,,,,,,DT,PT,0,,1,EA,EMP_TEMP_SEX_ECO_DT
ILO:DF_YI_YEM_EMP_TEMP_SEX_ECO_DT(1.0),YI,YEM,A,585,EMP_TEMP_DT,SEX_F,ECO_SECTOR_SER,1991,13.37,,,,,,,,,,,,,,,,,DT,PT,0,,1,EA,EMP_TEMP_SEX_ECO_DT
ILO:DF_YI_YEM_EMP_TEMP_SEX_ECO_DT(1.0),YI,YEM,A,585,EMP_TEMP_DT,SEX_F,ECO_SECTOR_SER,1998,9.24,,,,,,,,,,,,,,,,,DT,PT,0,,1,EA,EMP_TEMP_SEX_ECO_DT
ILO:DF_YI_YEM_EMP_TEMP_SEX_ECO_DT(1.0),YI,YEM,A,1801,EMP_TEMP_DT,SEX_T,ECO_AGGREGATE_CON,1994,6.32,,,,,,,,,,,,,,,,,DT,PT,0,,1,AA,EMP_TEMP_SEX_ECO_DT
ILO:DF_YI_YEM_EMP_TEMP_SEX_ECO_DT(1.0),YI,YEM,A,1801,EMP_TEMP_DT,SEX_T,ECO_AGGREGATE_CON,2004,9.37,,,,,,,,,,,,,,,,,DT,PT,0,,1,AA,EMP_TEMP_SEX_ECO_DT
ILO:DF_YI_YEM_EMP_TEMP_SEX_ECO_DT(1.0),YI,YEM,A,1801,EMP_TEMP_DT,SEX_T,ECO_AGGREGATE_MKT,1994,15.21,,,,,,,,,,,,,,,,,DT,PT,0,,1,AA,EMP_TEMP_SEX_ECO_DT
ILO:DF_YI_YEM_EMP_TEMP_SEX_ECO_DT(1.0),YI,YEM,A,1801,EMP_TEMP_DT,SEX_T,ECO_AGGREGATE_MKT,2004,27.90,,,,,,,,,,,,,,,,,DT,PT,0,,1,AA,EMP_TEMP_SEX_ECO_DT
ILO:DF_YI_YEM_EMP_TEMP_SEX_ECO_DT(1.0),YI,YEM,A,1801,EMP_TEMP_DT,SEX_F,ECO_AGGREGATE_PUB,1994,7.59,,,,,,,,,,,,,,,,,DT,PT,0,,1,AA,EMP_TEMP_SEX_ECO_DT
ILO:DF_YI_YEM_EMP_TEMP_SEX_ECO_DT(1.0),YI,YEM,A,1801,EMP_TEMP_DT,SEX_F,ECO_AGGREGATE_PUB,2004,39.55,,,,,,,,,,,,,,,,,DT,PT,0,,1,AA,EMP_TEMP_SEX_ECO_DT
ILO:DF_YI_YEM_EMP_TEMP_SEX_ECO_DT(1.0),YI,YEM,A,1801,EMP_TEMP_DT,SEX_F,ECO_SECTOR_X,1994,0.74,,,,,,,,,,,,,,,,,DT,PT,0,,1,AA,EMP_TEMP_SEX_ECO_DT
ILO:DF_YI_YEM_EMP_TEMP_SEX_ECO_DT(1.0),YI,YEM,A,1801,EMP_TEMP_DT,SEX_T,ECO_ISIC3_TOTAL,1994,100,,,,,,,,,,,,,,,,,DT,PT,0,,1,AA,EMP_TEMP_SEX_ECO_DT
ILO:DF_YI_YEM_EMP_TEMP_SEX_ECO_DT(1.0),YI,YEM,A,1801,EMP_TEMP_DT,SEX_T,ECO_ISIC3_TOTAL,2004,100,,,,,,,,,,,,,,,,,DT,PT,0,,1,AA,EMP_TEMP_SEX_ECO_DT
ILO:DF_YI_YEM_EMP_TEMP_SEX_ECO_DT(1.0),YI,YEM,A,1801,EMP_TEMP_DT,SEX_T,ECO_ISIC3_F,1994,6.32,,,,,,,,,,,,,,,,,DT,PT,0,,1,AA,EMP_TEMP_SEX_ECO_DT
ILO:DF_YI_YEM_EMP_TEMP_SEX_ECO_DT(1.0),YI,YEM,A,1801,EMP_TEMP_DT,SEX_T,ECO_ISIC3_F,2004,9.37,,,,,,,,,,,,,,,,,DT,PT,0,,1,AA,EMP_TEMP_SEX_ECO_DT
ILO:DF_YI_YEM_EMP_TEMP_SEX_ECO_DT(1.0),YI,YEM,A,1801,EMP_TEMP_DT,SEX_T,ECO_ISIC3_H,1994,1.20,,,,,,,,,,,,,,,,,DT,PT,0,,1,AA,EMP_TEMP_SEX_ECO_DT
ILO:DF_YI_YEM_EMP_TEMP_SEX_ECO_DT(1.0),YI,YEM,A,1801,EMP_TEMP_DT,SEX_T,ECO_ISIC3_H,2004,2.25,,,,,,,,,,,,,,,,,DT,PT,0,,1,AA,EMP_TEMP_SEX_ECO_DT
ILO:DF_YI_YEM_EMP_TEMP_SEX_ECO_DT(1.0),YI,YEM,A,1801,EMP_TEMP_DT,SEX_T,ECO_ISIC3_J,1994,0.19,,,,,,,,,,,,,,,,,DT,PT,0,,1,AA,EMP_TEMP_SEX_ECO_DT
ILO:DF_YI_YEM_EMP_TEMP_SEX_ECO_DT(1.0),YI,YEM,A,1801,EMP_TEMP_DT,SEX_T,ECO_ISIC3_J,2004,0.37,,,,,,,,,,,,,,,,,DT,PT,0,,1,AA,EMP_TEMP_SEX_ECO_DT
ILO:DF_YI_YEM_EMP_TEMP_SEX_ECO_DT(1.0),YI,YEM,A,1801,EMP_TEMP_DT,SEX_T,ECO_ISIC3_L,1994,12.39,,,,,,,,,,,,,,,,,DT,PT,0,,1,AA,EMP_TEMP_SEX_ECO_DT
ILO:DF_YI_YEM_EMP_TEMP_SEX_ECO_DT(1.0),YI,YEM,A,1801,EMP_TEMP_DT,SEX_T,ECO_ISIC3_L,2004,13.19,,,,,,,,,,,,,,,,,DT,PT,0,,1,AA,EMP_TEMP_SEX_ECO_DT
ILO:DF_YI_YEM_EMP_TEMP_SEX_ECO_DT(1.0),YI,YEM,A,1801,EMP_TEMP_DT,SEX_M,ECO_ISIC3_G,1994,10.57,,,,,,,,,,,,,,,,,DT,PT,0,,1,AA,EMP_TEMP_SEX_ECO_DT
ILO:DF_YI_YEM_EMP_TEMP_SEX_ECO_DT(1.0),YI,YEM,A,1801,EMP_TEMP_DT,SEX_M,ECO_ISIC3_G,2004,20.28,,,,,,,,,,,,,,,,,DT,PT,0,,1,AA,EMP_TEMP_SEX_ECO_DT
ILO:DF_YI_YEM_EMP_TEMP_SEX_ECO_DT(1.0),YI,YEM,A,1801,EMP_TEMP_DT,SEX_M,ECO_ISIC3_I,1994,5.41,,,,,,,,,,,,,,,,,DT,PT,0,,1,AA,EMP_TEMP_SEX_ECO_DT
ILO:DF_YI_YEM_EMP_TEMP_SEX_ECO_DT(1.0),YI,YEM,A,1801,EMP_TEMP_DT,SEX_M,ECO_ISIC3_I,2004,5.80,,,,,,,,,,,,,,,,,DT,PT,0,,1,AA,EMP_TEMP_SEX_ECO_DT
ILO:DF_YI_YEM_EMP_TEMP_SEX_ECO_DT(1.0),YI,YEM,A,1801,EMP_TEMP_DT,SEX_F,ECO_ISIC3_A,1994,86.84,,,,,,,,,,,,,,,,,DT,PT,0,,1,AA,EMP_TEMP_SEX_ECO_DT
ILO:DF_YI_YEM_EMP_TEMP_SEX_ECO_DT(1.0),YI,YEM,A,1801,EMP_TEMP_DT,SEX_F,ECO_ISIC3_A,2004,41.48,,,,,,,,,,,,,,,,,DT,PT,0,,1,AA,EMP_TEMP_SEX_ECO_DT
ILO:DF_YI_YEM_EMP_TEMP_SEX_ECO_DT(1.0),YI,YEM,A,585,EMP_TEMP_DT,SEX_F,ECO_SECTOR_NAG,1998,14.17,,,,,,,,,,,,,,,,,DT,PT,0,,1,EA,EMP_TEMP_SEX_ECO_DT
ILO:DF_YI_YEM_EMP_TEMP_SEX_ECO_DT(1.0),YI,YEM,A,585,EMP_TEMP_DT,SEX_F,ECO_SECTOR_NAG,1991,16.86,,,,,,,,,,,,,,,,,DT,PT,0,,1,EA,EMP_TEMP_SEX_ECO_DT
ILO:DF_YI_YEM_EMP_TEMP_SEX_ECO_DT(1.0),YI,YEM,A,585,EMP_TEMP_DT,SEX_M,ECO_AGGREGATE_CON,1998,6.56,,,,,,,,,,,,,,,,,DT,PT,0,,1,EA,EMP_TEMP_SEX_ECO_DT
ILO:DF_YI_YEM_EMP_TEMP_SEX_ECO_DT(1.0),YI,YEM,A,585,EMP_TEMP_DT,SEX_M,ECO_AGGREGATE_CON,1991,8.47,,,,,,,,,,,,,,,,,DT,PT,0,,1,EA,EMP_TEMP_SEX_ECO_DT
ILO:DF_YI_YEM_EMP_TEMP_SEX_ECO_DT(1.0),YI,YEM,A,585,EMP_TEMP_DT,SEX_M,ECO_AGGREGATE_X,1998,0.95,,,,,,,,,,,,,,,,,DT,PT,0,,1,EA,EMP_TEMP_SEX_ECO_DT
ILO:DF_YI_YEM_EMP_TEMP_SEX_ECO_DT(1.0),YI,YEM,A,585,EMP_TEMP_DT,SEX_M,ECO_AGGREGATE_X,1991,4.84,,,,,,,,,,,,,,,,,DT,PT,0,,1,EA,EMP_TEMP_SEX_ECO_DT
ILO:DF_YI_YEM_EMP_TEMP_SEX_ECO_DT(1.0),YI,YEM,A,585,EMP_TEMP_DT,SEX_T,ECO_AGGREGATE_TOTAL,1998,100,,,,,,,,,,,,,,,,,DT,PT,0,,1,EA,EMP_TEMP_SEX_ECO_DT
ILO:DF_YI_YEM_EMP_TEMP_SEX_ECO_DT(1.0),YI,YEM,A,585,EMP_TEMP_DT,SEX_T,ECO_AGGREGATE_TOTAL,1991,100,,,,,,,,,,,,,,,,,DT,PT,0,,1,EA,EMP_TEMP_SEX_ECO_DT
ILO:DF_YI_YEM_EMP_TEMP_SEX_ECO_DT(1.0),YI,YEM,A,585,EMP_TEMP_DT,SEX_T,ECO_ISIC3_P,1998,0.17,,,,,,,,,,,,,,,,,DT,PT,0,,1,EA,EMP_TEMP_SEX_ECO_DT
ILO:DF_YI_YEM_EMP_TEMP_SEX_ECO_DT(1.0),YI,YEM,A,585,EMP_TEMP_DT,SEX_T,ECO_ISIC3_Q,1998,0.03,,,,,,,,,,,,,,,,,DT,PT,0,,1,EA,EMP_TEMP_SEX_ECO_DT
ILO:DF_YI_YEM_EMP_TEMP_SEX_ECO_DT(1.0),YI,YEM,A,585,EMP_TEMP_DT,SEX_M,ECO_ISIC3_K,1998,0.84,,,,,,,,,,,,,,,,,DT,PT,0,,1,EA,EMP_TEMP_SEX_ECO_DT
ILO:DF_YI_YEM_EMP_TEMP_SEX_ECO_DT(1.0),YI,YEM,A,585,EMP_TEMP_DT,SEX_F,ECO_ISIC3_G,1998,1.64,,,,,,,,,,,,,,,,,DT,PT,0,,1,EA,EMP_TEMP_SEX_ECO_DT
ILO:DF_YI_YEM_EMP_TEMP_SEX_ECO_DT(1.0),YI,YEM,A,585,EMP_TEMP_DT,SEX_F,ECO_ISIC3_J,1998,0.20,,,,,,,,,,,,,,,,,DT,PT,0,,1,EA,EMP_TEMP_SEX_ECO_DT
ILO:DF_YI_YEM_EMP_TEMP_SEX_ECO_DT(1.0),YI,YEM,A,13360,EMP_TEMP_DT,SEX_T,ECO_AGGREGATE_MAN,1999,3.74,,,,,,,,,,,,,,,,,DT,PT,0,,1,BA,EMP_TEMP_SEX_ECO_DT
ILO:DF_YI_YEM_EMP_TEMP_SEX_ECO_DT(1.0),YI,YEM,A,13360,EMP_TEMP_DT,SEX_T,ECO_AGGREGATE_MAN,2010,6.60,,,,,,,,,,,,,,,,,DT,PT,0,,1,BA,EMP_TEMP_SEX_ECO_DT
ILO:DF_YI_YEM_EMP_TEMP_SEX_ECO_DT(1.0),YI,YEM,A,13360,EMP_TEMP_DT,SEX_T,ECO_AGGREGATE_MAN,2014,5.50,,,,,,,3513,,,,,,,,,,DT,PT,0,,1,BA,EMP_TEMP_SEX_ECO_DT
ILO:DF_YI_YEM_EMP_TEMP_SEX_ECO_DT(1.0),YI,YEM,A,13360,EMP_TEMP_DT,SEX_M,ECO_AGGREGATE_MKT,1999,20.96,,,,,,,,,,,,,,,,,DT,PT,0,,1,BA,EMP_TEMP_SEX_ECO_DT
ILO:DF_YI_YEM_EMP_TEMP_SEX_ECO_DT(1.0),YI,YEM,A,13360,EMP_TEMP_DT,SEX_M,ECO_AGGREGATE_MKT,2010,31.63,,,,,,,,,,,,,,,,,DT,PT,0,,1,BA,EMP_TEMP_SEX_ECO_DT
ILO:DF_YI_YEM_EMP_TEMP_SEX_ECO_DT(1.0),YI,YEM,A,13360,EMP_TEMP_DT,SEX_M,ECO_AGGREGATE_MKT,2014,36.45,,,,,,,3513,,,,,,,,,,DT,PT,0,,1,BA,EMP_TEMP_SEX_ECO_DT
ILO:DF_YI_YEM_EMP_TEMP_SEX_ECO_DT(1.0),YI,YEM,A,13360,EMP_TEMP_DT,SEX_F,ECO_ISIC3_H,1999,0.10,,,,,,,,,,,,,,,,,DT,PT,0,,1,BA,EMP_TEMP_SEX_ECO_DT
ILO:DF_YI_YEM_EMP_TEMP_SEX_ECO_DT(1.0),YI,YEM,A,13360,EMP_TEMP_DT,SEX_F,ECO_ISIC3_H,2014,0.53,,,,,,,3513,,,,,,,,,U,DT,PT,0,,1,BA,EMP_TEMP_SEX_ECO_DT
ILO:DF_YI_YEM_EMP_TEMP_SEX_ECO_DT(1.0),YI,YEM,A,13360,EMP_TEMP_DT,SEX_F,ECO_ISIC3_H,2010,0.84,,,,,,,,,,,,,,,,,DT,PT,0,,1,BA,EMP_TEMP_SEX_ECO_DT
ILO:DF_YI_YEM_EMP_TEMP_SEX_ECO_DT(1.0),YI,YEM,A,13360,EMP_TEMP_DT,SEX_T,ECO_ISIC3_C,1999,0.49,,,,,,,,,,,,,,,,,DT,PT,0,,1,BA,EMP_TEMP_SEX_ECO_DT
ILO:DF_YI_YEM_EMP_TEMP_SEX_ECO_DT(1.0),YI,YEM,A,13360,EMP_TEMP_DT,SEX_T,ECO_ISIC3_C,2014,0.19,,,,,,,3513,,,,,,,,,,DT,PT,0,,1,BA,EMP_TEMP_SEX_ECO_DT
ILO:DF_YI_YEM_EMP_TEMP_SEX_ECO_DT(1.0),YI,YEM,A,13360,EMP_TEMP_DT,SEX_T,ECO_ISIC3_C,2010,1.36,,,,,,,,,,,,,,,,,DT,PT,0,,1,BA,EMP_TEMP_SEX_ECO_DT
ILO:DF_YI_YEM_EMP_TEMP_SEX_ECO_DT(1.0),YI,YEM,A,13360,EMP_TEMP_DT,SEX_T,ECO_ISIC3_TOTAL,1999,100,,,,,,,,,,,,,,,,,DT,PT,0,,1,BA,EMP_TEMP_SEX_ECO_DT
ILO:DF_YI_YEM_EMP_TEMP_SEX_ECO_DT(1.0),YI,YEM,A,13360,EMP_TEMP_DT,SEX_T,ECO_ISIC3_TOTAL,2010,100,,,,,,,,,,,,,,,,,DT,PT,0,,1,BA,EMP_TEMP_SEX_ECO_DT
ILO:DF_YI_YEM_EMP_TEMP_SEX_ECO_DT(1.0),YI,YEM,A,13360,EMP_TEMP_DT,SEX_T,ECO_ISIC3_TOTAL,2014,100,,,,,,,3513,,,,,,,,,,DT,PT,0,,1,BA,EMP_TEMP_SEX_ECO_DT
ILO:DF_YI_YEM_EMP_TEMP_SEX_ECO_DT(1.0),YI,YEM,A,13360,EMP_TEMP_DT,SEX_T,ECO_ISIC3_A,1999,53.23,,,,,,,,,,,,,,,,,DT,PT,0,,1,BA,EMP_TEMP_SEX_ECO_DT
ILO:DF_YI_YEM_EMP_TEMP_SEX_ECO_DT(1.0),YI,YEM,A,13360,EMP_TEMP_DT,SEX_T,ECO_ISIC3_A,2014,28.56,,,,,,,3513,,,,,,,,,,DT,PT,0,,1,BA,EMP_TEMP_SEX_ECO_DT
ILO:DF_YI_YEM_EMP_TEMP_SEX_ECO_DT(1.0),YI,YEM,A,13360,EMP_TEMP_DT,SEX_T,ECO_ISIC3_A,2010,23.11,,,,,,,,,,,,,,,,,DT,PT,0,,1,BA,EMP_TEMP_SEX_ECO_DT
ILO:DF_YI_YEM_EMP_TEMP_SEX_ECO_DT(1.0),YI,YEM,A,13360,EMP_TEMP_DT,SEX_T,ECO_ISIC3_M,1999,5.78,,,,,,,,,,,,,,,,,DT,PT,0,,1,BA,EMP_TEMP_SEX_ECO_DT
ILO:DF_YI_YEM_EMP_TEMP_SEX_ECO_DT(1.0),YI,YEM,A,13360,EMP_TEMP_DT,SEX_T,ECO_ISIC3_M,2010,7.32,,,,,,,,,,,,,,,,,DT,PT,0,,1,BA,EMP_TEMP_SEX_ECO_DT
ILO:DF_YI_YEM_EMP_TEMP_SEX_ECO_DT(1.0),YI,YEM,A,13360,EMP_TEMP_DT,SEX_T,ECO_ISIC3_M,2014,5.50,,,,,,,3513,,,,,,,,,,DT,PT,0,,1,BA,EMP_TEMP_SEX_ECO_DT
ILO:DF_YI_YEM_EMP_TEMP_SEX_ECO_DT(1.0),YI,YEM,A,13360,EMP_TEMP_DT,SEX_T,ECO_ISIC3_K,1999,0.52,,,,,,,,,,,,,,,,,DT,PT,0,,1,BA,EMP_TEMP_SEX_ECO_DT
ILO:DF_YI_YEM_EMP_TEMP_SEX_ECO_DT(1.0),YI,YEM,A,13360,EMP_TEMP_DT,SEX_T,ECO_ISIC3_K,2014,0.58,,,,,,,3513,,,,,,,,,,DT,PT,0,,1,BA,EMP_TEMP_SEX_ECO_DT
ILO:DF_YI_YEM_EMP_TEMP_SEX_ECO_DT(1.0),YI,YEM,A,13360,EMP_TEMP_DT,SEX_T,ECO_ISIC3_K,2010,1.24,,,,,,,,,,,,,,,,,DT,PT,0,,1,BA,EMP_TEMP_SEX_ECO_DT
ILO:DF_YI_YEM_EMP_TEMP_SEX_ECO_DT(1.0),YI,YEM,A,13360,EMP_TEMP_DT,SEX_M,ECO_ISIC3_B,1999,1.15,,,,,,,,,,,,,,,,,DT,PT,0,,1,BA,EMP_TEMP_SEX_ECO_DT
ILO:DF_YI_YEM_EMP_TEMP_SEX_ECO_DT(1.0),YI,YEM,A,13360,EMP_TEMP_DT,SEX_M,ECO_ISIC3_B,2014,0.71,,,,,,,3513,,,,,,,,,,DT,PT,0,,1,BA,EMP_TEMP_SEX_ECO_DT
ILO:DF_YI_YEM_EMP_TEMP_SEX_ECO_DT(1.0),YI,YEM,A,13360,EMP_TEMP_DT,SEX_M,ECO_ISIC3_B,2010,1.01,,,,,,,,,,,,,,,,,DT,PT,0,,1,BA,EMP_TEMP_SEX_ECO_DT
ILO:DF_YI_YEM_EMP_TEMP_SEX_ECO_DT(1.0),YI,YEM,A,13360,EMP_TEMP_DT,SEX_M,ECO_ISIC3_C,1999,0.61,,,,,,,,,,,,,,,,,DT,PT,0,,1,BA,EMP_TEMP_SEX_ECO_DT
ILO:DF_YI_YEM_EMP_TEMP_SEX_ECO_DT(1.0),YI,YEM,A,13360,EMP_TEMP_DT,SEX_M,ECO_ISIC3_C,2010,1.44,,,,,,,,,,,,,,,,,DT,PT,0,,1,BA,EMP_TEMP_SEX_ECO_DT
ILO:DF_YI_YEM_EMP_TEMP_SEX_ECO_DT(1.0),YI,YEM,A,13360,EMP_TEMP_DT,SEX_M,ECO_ISIC3_C,2014,0.17,,,,,,,3513,,,,,,,,,,DT,PT,0,,1,BA,EMP_TEMP_SEX_ECO_DT
ILO:DF_YI_YEM_EMP_TEMP_SEX_ECO_DT(1.0),YI,YEM,A,13360,EMP_TEMP_DT,SEX_M,ECO_ISIC3_J,1999,0.34,,,,,,,,,,,,,,,,,DT,PT,0,,1,BA,EMP_TEMP_SEX_ECO_DT
ILO:DF_YI_YEM_EMP_TEMP_SEX_ECO_DT(1.0),YI,YEM,A,13360,EMP_TEMP_DT,SEX_M,ECO_ISIC3_J,2010,0.44,,,,,,,,,,,,,,,,,DT,PT,0,,1,BA,EMP_TEMP_SEX_ECO_DT
ILO:DF_YI_YEM_EMP_TEMP_SEX_ECO_DT(1.0),YI,YEM,A,13360,EMP_TEMP_DT,SEX_M,ECO_ISIC3_J,2014,0.31,,,,,,,3513,,,,,,,,,,DT,PT,0,,1,BA,EMP_TEMP_SEX_ECO_DT
ILO:DF_YI_YEM_EMP_TEMP_SEX_ECO_DT(1.0),YI,YEM,A,13360,EMP_TEMP_DT,SEX_M,ECO_ISIC3_O,1999,1.80,,,,,,,,,,,,,,,,,DT,PT,0,,1,BA,EMP_TEMP_SEX_ECO_DT
ILO:DF_YI_YEM_EMP_TEMP_SEX_ECO_DT(1.0),YI,YEM,A,13360,EMP_TEMP_DT,SEX_M,ECO_ISIC3_O,2014,1.34,,,,,,,3513,,,,,,,,,,DT,PT,0,,1,BA,EMP_TEMP_SEX_ECO_DT
ILO:DF_YI_YEM_EMP_TEMP_SEX_ECO_DT(1.0),YI,YEM,A,13360,EMP_TEMP_DT,SEX_M,ECO_ISIC3_O,2010,1.47,,,,,,,,,,,,,,,,,DT,PT,0,,1,BA,EMP_TEMP_SEX_ECO_DT
ILO:DF_YI_YEM_EMP_TEMP_SEX_ECO_DT(1.0),YI,YEM,A,13360,EMP_TEMP_DT,SEX_T,ECO_SECTOR_IND,1999,11.13,,,,,,,,,,,,,,,,,DT,PT,0,,1,BA,EMP_TEMP_SEX_ECO_DT
ILO:DF_YI_YEM_EMP_TEMP_SEX_ECO_DT(1.0),YI,YEM,A,13360,EMP_TEMP_DT,SEX_T,ECO_SECTOR_IND,2010,18.98,,,,,,,,,,,,,,,,,DT,PT,0,,1,BA,EMP_TEMP_SEX_ECO_DT
ILO:DF_YI_YEM_EMP_TEMP_SEX_ECO_DT(1.0),YI,YEM,A,13360,EMP_TEMP_DT,SEX_T,ECO_SECTOR_IND,2014,14.47,,,,,,,3513,,,,,,,,,,DT,PT,0,,1,BA,EMP_TEMP_SEX_ECO_DT
ILO:DF_YI_YEM_EMP_TEMP_SEX_ECO_DT(1.0),YI,YEM,A,13360,EMP_TEMP_DT,SEX_M,ECO_SECTOR_TOTAL,1999,100,,,,,,,,,,,,,,,,,DT,PT,0,,1,BA,EMP_TEMP_SEX_ECO_DT
ILO:DF_YI_YEM_EMP_TEMP_SEX_ECO_DT(1.0),YI,YEM,A,13360,EMP_TEMP_DT,SEX_M,ECO_SECTOR_TOTAL,2010,100,,,,,,,,,,,,,,,,,DT,PT,0,,1,BA,EMP_TEMP_SEX_ECO_DT
ILO:DF_YI_YEM_EMP_TEMP_SEX_ECO_DT(1.0),YI,YEM,A,13360,EMP_TEMP_DT,SEX_M,ECO_SECTOR_TOTAL,2014,100,,,,,,,3513,,,,,,,,,,DT,PT,0,,1,BA,EMP_TEMP_SEX_ECO_DT
ILO:DF_YI_YEM_EMP_TEMP_SEX_ECO_DT(1.0),YI,YEM,A,1801,EMP_TEMP_DT,SEX_T,ECO_AGGREGATE_MEL,2004,0.98,,,,,,,,,,,,,,,,,DT,PT,0,,1,AA,EMP_TEMP_SEX_ECO_DT
ILO:DF_YI_YEM_EMP_TEMP_SEX_ECO_DT(1.0),YI,YEM,A,1801,EMP_TEMP_DT,SEX_T,ECO_AGGREGATE_MEL,1994,0.65,,,,,,,,,,,,,,,,,DT,PT,0,,1,AA,EMP_TEMP_SEX_ECO_DT
ILO:DF_YI_YEM_EMP_TEMP_SEX_ECO_DT(1.0),YI,YEM,A,1801,EMP_TEMP_DT,SEX_M,ECO_AGGREGATE_CON,2004,10.20,,,,,,,,,,,,,,,,,DT,PT,0,,1,AA,EMP_TEMP_SEX_ECO_DT
ILO:DF_YI_YEM_EMP_TEMP_SEX_ECO_DT(1.0),YI,YEM,A,1801,EMP_TEMP_DT,SEX_M,ECO_AGGREGATE_CON,1994,7.91,,,,,,,,,,,,,,,,,DT,PT,0,,1,AA,EMP_TEMP_SEX_ECO_DT
ILO:DF_YI_YEM_EMP_TEMP_SEX_ECO_DT(1.0),YI,YEM,A,1801,EMP_TEMP_DT,SEX_F,ECO_AGGREGATE_MAN,2004,8.04,,,,,,,,,,,,,,,,,DT,PT,0,,1,AA,EMP_TEMP_SEX_ECO_DT
ILO:DF_YI_YEM_EMP_TEMP_SEX_ECO_DT(1.0),YI,YEM,A,1801,EMP_TEMP_DT,SEX_F,ECO_AGGREGATE_MAN,1994,2.64,,,,,,,,,,,,,,,,,DT,PT,0,,1,AA,EMP_TEMP_SEX_ECO_DT
ILO:DF_YI_YEM_EMP_TEMP_SEX_ECO_DT(1.0),YI,YEM,A,1801,EMP_TEMP_DT,SEX_T,ECO_ISIC3_O,2004,1.49,,,,,,,,,,,,,,,,,DT,PT,0,,1,AA,EMP_TEMP_SEX_ECO_DT
ILO:DF_YI_YEM_EMP_TEMP_SEX_ECO_DT(1.0),YI,YEM,A,1801,EMP_TEMP_DT,SEX_T,ECO_ISIC3_O,1994,0.85,,,,,,,,,,,,,,,,,DT,PT,0,,1,AA,EMP_TEMP_SEX_ECO_DT
ILO:DF_YI_YEM_EMP_TEMP_SEX_ECO_DT(1.0),YI,YEM,A,1801,EMP_TEMP_DT,SEX_M,ECO_ISIC3_E,2004,0.49,,,,,,,,,,,,,,,,,DT,PT,0,,1,AA,EMP_TEMP_SEX_ECO_DT
ILO:DF_YI_YEM_EMP_TEMP_SEX_ECO_DT(1.0),YI,YEM,A,1801,EMP_TEMP_DT,SEX_M,ECO_ISIC3_E,1994,0.47,,,,,,,,,,,,,,,,,DT,PT,0,,1,AA,EMP_TEMP_SEX_ECO_DT
ILO:DF_YI_YEM_EMP_TEMP_SEX_ECO_DT(1.0),YI,YEM,A,1801,EMP_TEMP_DT,SEX_M,ECO_ISIC3_K,2004,0.89,,,,,,,,,,,,,,,,,DT,PT,0,,1,AA,EMP_TEMP_SEX_ECO_DT
ILO:DF_YI_YEM_EMP_TEMP_SEX_ECO_DT(1.0),YI,YEM,A,1801,EMP_TEMP_DT,SEX_M,ECO_ISIC3_K,1994,1.01,,,,,,,,,,,,,,,,,DT,PT,0,,1,AA,EMP_TEMP_SEX_ECO_DT
ILO:DF_YI_YEM_EMP_TEMP_SEX_ECO_DT(1.0),YI,YEM,A,1801,EMP_TEMP_DT,SEX_F,ECO_ISIC3_C,2004,0.32,,,,,,,,,,,,,,,,,DT,PT,0,,1,AA,EMP_TEMP_SEX_ECO_DT
ILO:DF_YI_YEM_EMP_TEMP_SEX_ECO_DT(1.0),YI,YEM,A,1801,EMP_TEMP_DT,SEX_F,ECO_ISIC3_C,1994,0.07,,,,,,,,,,,,,,,,,DT,PT,0,,1,AA,EMP_TEMP_SEX_ECO_DT
ILO:DF_YI_YEM_EMP_TEMP_SEX_ECO_DT(1.0),YI,YEM,A,1801,EMP_TEMP_DT,SEX_F,ECO_ISIC3_D,2004,8.04,,,,,,,,,,,,,,,,,DT,PT,0,,1,AA,EMP_TEMP_SEX_ECO_DT
ILO:DF_YI_YEM_EMP_TEMP_SEX_ECO_DT(1.0),YI,YEM,A,1801,EMP_TEMP_DT,SEX_F,ECO_ISIC3_D,1994,2.64,,,,,,,,,,,,,,,,,DT,PT,0,,1,AA,EMP_TEMP_SEX_ECO_DT
ILO:DF_YI_YEM_EMP_TEMP_SEX_ECO_DT(1.0),YI,YEM,A,1801,EMP_TEMP_DT,SEX_F,ECO_ISIC3_I,2004,1.29,,,,,,,,,,,,,,,,,DT,PT,0,,1,AA,EMP_TEMP_SEX_ECO_DT
ILO:DF_YI_YEM_EMP_TEMP_SEX_ECO_DT(1.0),YI,YEM,A,1801,EMP_TEMP_DT,SEX_F,ECO_ISIC3_I,1994,0.31,,,,,,,,,,,,,,,,,DT,PT,0,,1,AA,EMP_TEMP_SEX_ECO_DT
ILO:DF_YI_YEM_EMP_TEMP_SEX_ECO_DT(1.0),YI,YEM,A,1801,EMP_TEMP_DT,SEX_F,ECO_SECTOR_SER,2004,48.87,,,,,,,,,,,,,,,,,DT,PT,0,,1,AA,EMP_TEMP_SEX_ECO_DT
ILO:DF_YI_YEM_EMP_TEMP_SEX_ECO_DT(1.0),YI,YEM,A,1801,EMP_TEMP_DT,SEX_F,ECO_SECTOR_SER,1994,9.44,,,,,,,,,,,,,,,,,DT,PT,0,,1,AA,EMP_TEMP_SEX_ECO_DT
ILO:DF_YI_YEM_EMP_TEMP_SEX_ECO_DT(1.0),YI,YEM,A,1801,EMP_TEMP_DT,SEX_M,ECO_SECTOR_SER,2004,53.08,,,,,,,,,,,,,,,,,DT,PT,0,,1,AA,EMP_TEMP_SEX_ECO_DT
ILO:DF_YI_YEM_EMP_TEMP_SEX_ECO_DT(1.0),YI,YEM,A,1801,EMP_TEMP_DT,SEX_M,ECO_SECTOR_SER,1994,39.92,,,,,,,,,,,,,,,,,DT,PT,0,,1,AA,EMP_TEMP_SEX_ECO_DT
ILO:DF_YI_YEM_EMP_TEMP_SEX_ECO_DT(1.0),YI,YEM,A,1801,EMP_TEMP_DT,SEX_F,ECO_SECTOR_TOTAL,2004,100,,,,,,,,,,,,,,,,,DT,PT,0,,1,AA,EMP_TEMP_SEX_ECO_DT
ILO:DF_YI_YEM_EMP_TEMP_SEX_ECO_DT(1.0),YI,YEM,A,1801,EMP_TEMP_DT,SEX_F,ECO_SECTOR_TOTAL,1994,100,,,,,,,,,,,,,,,,,DT,PT,0,,1,AA,EMP_TEMP_SEX_ECO_DT
ILO:DF_YI_YEM_EMP_TEMP_SEX_ECO_DT(1.0),YI,YEM,A,13360,EMP_TEMP_DT,SEX_T,ECO_ISIC3_J,2010,0.44,,,,,,,,,,,,,,,,,DT,PT,0,,1,BA,EMP_TEMP_SEX_ECO_DT
ILO:DF_YI_YEM_EMP_TEMP_SEX_ECO_DT(1.0),YI,YEM,A,13360,EMP_TEMP_DT,SEX_T,ECO_ISIC3_J,1999,0.31,,,,,,,,,,,,,,,,,DT,PT,0,,1,BA,EMP_TEMP_SEX_ECO_DT
ILO:DF_YI_YEM_EMP_TEMP_SEX_ECO_DT(1.0),YI,YEM,A,13360,EMP_TEMP_DT,SEX_T,ECO_ISIC3_J,2014,0.29,,,,,,,3513,,,,,,,,,,DT,PT,0,,1,BA,EMP_TEMP_SEX_ECO_DT
ILO:DF_YI_YEM_EMP_TEMP_SEX_ECO_DT(1.0),YI,YEM,A,13360,EMP_TEMP_DT,SEX_M,ECO_ISIC3_A,2010,22.74,,,,,,,,,,,,,,,,,DT,PT,0,,1,BA,EMP_TEMP_SEX_ECO_DT
ILO:DF_YI_YEM_EMP_TEMP_SEX_ECO_DT(1.0),YI,YEM,A,13360,EMP_TEMP_DT,SEX_M,ECO_ISIC3_A,2014,26.85,,,,,,,3513,,,,,,,,,,DT,PT,0,,1,BA,EMP_TEMP_SEX_ECO_DT
ILO:DF_YI_YEM_EMP_TEMP_SEX_ECO_DT(1.0),YI,YEM,A,13360,EMP_TEMP_DT,SEX_M,ECO_ISIC3_A,1999,41.97,,,,,,,,,,,,,,,,,DT,PT,0,,1,BA,EMP_TEMP_SEX_ECO_DT
ILO:DF_YI_YEM_EMP_TEMP_SEX_ECO_DT(1.0),YI,YEM,A,13360,EMP_TEMP_DT,SEX_F,ECO_ISIC3_J,2010,0.37,,,,,,,,,,,,,,,,,DT,PT,0,,1,BA,EMP_TEMP_SEX_ECO_DT
ILO:DF_YI_YEM_EMP_TEMP_SEX_ECO_DT(1.0),YI,YEM,A,13360,EMP_TEMP_DT,SEX_F,ECO_ISIC3_J,1999,0.19,,,,,,,,,,,,,,,,,DT,PT,0,,1,BA,EMP_TEMP_SEX_ECO_DT
ILO:DF_YI_YEM_EMP_TEMP_SEX_ECO_DT(1.0),YI,YEM,A,13360,EMP_TEMP_DT,SEX_F,ECO_ISIC3_N,2010,6.72,,,,,,,,,,,,,,,,,DT,PT,0,,1,BA,EMP_TEMP_SEX_ECO_DT
ILO:DF_YI_YEM_EMP_TEMP_SEX_ECO_DT(1.0),YI,YEM,A,13360,EMP_TEMP_DT,SEX_F,ECO_ISIC3_N,2014,4,,,,,,,3513,,,,,,,,,,DT,PT,0,,1,BA,EMP_TEMP_SEX_ECO_DT
ILO:DF_YI_YEM_EMP_TEMP_SEX_ECO_DT(1.0),YI,YEM,A,13360,EMP_TEMP_DT,SEX_F,ECO_ISIC3_N,1999,1.19,,,,,,,,,,,,,,,,,DT,PT,0,,1,BA,EMP_TEMP_SEX_ECO_DT
ILO:DF_YI_YEM_EMP_TEMP_SEX_ECO_DT(1.0),YI,YEM,A,13360,EMP_TEMP_DT,SEX_T,ECO_AGGREGATE_MKT,2010,30.35,,,,,,,,,,,,,,,,,DT,PT,0,,1,BA,EMP_TEMP_SEX_ECO_DT
ILO:DF_YI_YEM_EMP_TEMP_SEX_ECO_DT(1.0),YI,YEM,A,13360,EMP_TEMP_DT,SEX_T,ECO_AGGREGATE_MKT,1999,16.27,,,,,,,,,,,,,,,,,DT,PT,0,,1,BA,EMP_TEMP_SEX_ECO_DT
ILO:DF_YI_YEM_EMP_TEMP_SEX_ECO_DT(1.0),YI,YEM,A,13360,EMP_TEMP_DT,SEX_T,ECO_AGGREGATE_MKT,2014,34.40,,,,,,,3513,,,,,,,,,,DT,PT,0,,1,BA,EMP_TEMP_SEX_ECO_DT
ILO:DF_YI_YEM_EMP_TEMP_SEX_ECO_DT(1.0),YI,YEM,A,13360,EMP_TEMP_DT,SEX_T,ECO_SECTOR_SER,2010,56.73,,,,,,,,,,,,,,,,,DT,PT,0,,1,BA,EMP_TEMP_SEX_ECO_DT
ILO:DF_YI_YEM_EMP_TEMP_SEX_ECO_DT(1.0),YI,YEM,A,13360,EMP_TEMP_DT,SEX_T,ECO_SECTOR_SER,1999,34.74,,,,,,,,,,,,,,,,,DT,PT,0,,1,BA,EMP_TEMP_SEX_ECO_DT
ILO:DF_YI_YEM_EMP_TEMP_SEX_ECO_DT(1.0),YI,YEM,A,13360,EMP_TEMP_DT,SEX_T,ECO_SECTOR_SER,2014,56.23,,,,,,,3513,,,,,,,,,,DT,PT,0,,1,BA,EMP_TEMP_SEX_ECO_DT
ILO:DF_YI_YEM_EMP_TEMP_SEX_ECO_DT(1.0),YI,YEM,A,13360,EMP_TEMP_DT,SEX_F,ECO_SECTOR_X,2010,0.01,,,,,,,,,,,,,,,,,DT,PT,0,,1,BA,EMP_TEMP_SEX_ECO_DT
ILO:DF_YI_YEM_EMP_TEMP_SEX_ECO_DT(1.0),YI,YEM,A,13360,EMP_TEMP_DT,SEX_F,ECO_SECTOR_X,1999,0.04,,,,,,,,,,,,,,,,,DT,PT,0,,1,BA,EMP_TEMP_SEX_ECO_DT
ILO:DF_YI_YEM_EMP_TEMP_SEX_ECO_DT(1.0),YI,YEM,A,13360,EMP_TEMP_DT,SEX_F,ECO_ISIC3_G,2014,5.97,,,,,,,3513,,,,,,,,,,DT,PT,0,,1,BA,EMP_TEMP_SEX_ECO_DT
ILO:DF_YI_YEM_EMP_TEMP_SEX_ECO_DT(1.0),YI,YEM,A,13360,EMP_TEMP_DT,SEX_F,ECO_ISIC3_G,2010,10.17,,,,,,,,,,,,,,,,,DT,PT,0,,1,BA,EMP_TEMP_SEX_ECO_DT
ILO:DF_YI_YEM_EMP_TEMP_SEX_ECO_DT(1.0),YI,YEM,A,13360,EMP_TEMP_DT,SEX_F,ECO_ISIC3_G,1999,1.33,,,,,,,,,,,,,,,,,DT,PT,0,,1,BA,EMP_TEMP_SEX_ECO_DT
ILO:DF_YI_YEM_EMP_TEMP_SEX_ECO_DT(1.0),YI,YEM,A,13360,EMP_TEMP_DT,SEX_T,ECO_ISIC3_X,2014,0.09,,,,,,,3513,,,,,,,,,,DT,PT,0,,1,BA,EMP_TEMP_SEX_ECO_DT
ILO:DF_YI_YEM_EMP_TEMP_SEX_ECO_DT(1.0),YI,YEM,A,13360,EMP_TEMP_DT,SEX_T,ECO_ISIC3_X,2010,0.23,,,,,,,,,,,,,,,,,DT,PT,0,,1,BA,EMP_TEMP_SEX_ECO_DT
ILO:DF_YI_YEM_EMP_TEMP_SEX_ECO_DT(1.0),YI,YEM,A,13360,EMP_TEMP_DT,SEX_T,ECO_ISIC3_X,1999,0.03,,,,,,,,,,,,,,,,,DT,PT,0,,1,BA,EMP_TEMP_SEX_ECO_DT
ILO:DF_YI_YEM_EMP_TEMP_SEX_ECO_DT(1.0),YI,YEM,A,13360,EMP_TEMP_DT,SEX_M,ECO_AGGREGATE_AGR,2014,27.56,,,,,,,3513,,,,,,,,,,DT,PT,0,,1,BA,EMP_TEMP_SEX_ECO_DT
ILO:DF_YI_YEM_EMP_TEMP_SEX_ECO_DT(1.0),YI,YEM,A,13360,EMP_TEMP_DT,SEX_M,ECO_AGGREGATE_AGR,1999,43.12,,,,,,,,,,,,,,,,,DT,PT,0,,1,BA,EMP_TEMP_SEX_ECO_DT
ILO:DF_YI_YEM_EMP_TEMP_SEX_ECO_DT(1.0),YI,YEM,A,13360,EMP_TEMP_DT,SEX_M,ECO_AGGREGATE_AGR,2010,23.76,,,,,,,,,,,,,,,,,DT,PT,0,,1,BA,EMP_TEMP_SEX_ECO_DT
ILO:DF_YI_YEM_EMP_TEMP_SEX_ECO_DT(1.0),YI,YEM,A,13360,EMP_TEMP_DT,SEX_M,ECO_AGGREGATE_PUB,2014,21.31,,,,,,,3513,,,,,,,,,,DT,PT,0,,1,BA,EMP_TEMP_SEX_ECO_DT
ILO:DF_YI_YEM_EMP_TEMP_SEX_ECO_DT(1.0),YI,YEM,A,13360,EMP_TEMP_DT,SEX_M,ECO_AGGREGATE_PUB,1999,22.08,,,,,,,,,,,,,,,,,DT,PT,0,,1,BA,EMP_TEMP_SEX_ECO_DT
ILO:DF_YI_YEM_EMP_TEMP_SEX_ECO_DT(1.0),YI,YEM,A,13360,EMP_TEMP_DT,SEX_M,ECO_AGGREGATE_PUB,2010,25.05,,,,,,,,,,,,,,,,,DT,PT,0,,1,BA,EMP_TEMP_SEX_ECO_DT
ILO:DF_YI_YEM_EMP_TEMP_SEX_ECO_DT(1.0),YI,YEM,A,13360,EMP_TEMP_DT,SEX_M,ECO_SECTOR_SER,2014,57.76,,,,,,,3513,,,,,,,,,,DT,PT,0,,1,BA,EMP_TEMP_SEX_ECO_DT
ILO:DF_YI_YEM_EMP_TEMP_SEX_ECO_DT(1.0),YI,YEM,A,13360,EMP_TEMP_DT,SEX_M,ECO_SECTOR_SER,2010,56.68,,,,,,,,,,,,,,,,,DT,PT,0,,1,BA,EMP_TEMP_SEX_ECO_DT
ILO:DF_YI_YEM_EMP_TEMP_SEX_ECO_DT(1.0),YI,YEM,A,13360,EMP_TEMP_DT,SEX_M,ECO_SECTOR_SER,1999,43.04,,,,,,,,,,,,,,,,,DT,PT,0,,1,BA,EMP_TEMP_SEX_ECO_DT
ILO:DF_YI_YEM_EMP_TEMP_SEX_ECO_DT(1.0),YI,YEM,A,585,EMP_TEMP_DT,SEX_T,ECO_AGGREGATE_AGR,1991,52.62,,,,,,,,,,,,,,,,,DT,PT,0,,1,EA,EMP_TEMP_SEX_ECO_DT
ILO:DF_YI_YEM_EMP_TEMP_SEX_ECO_DT(1.0),YI,YEM,A,585,EMP_TEMP_DT,SEX_T,ECO_AGGREGATE_AGR,1998,56.33,,,,,,,,,,,,,,,,,DT,PT,0,,1,EA,EMP_TEMP_SEX_ECO_DT
ILO:DF_YI_YEM_EMP_TEMP_SEX_ECO_DT(1.0),YI,YEM,A,585,EMP_TEMP_DT,SEX_T,ECO_AGGREGATE_MKT,1991,14.83,,,,,,,,,,,,,,,,,DT,PT,0,,1,EA,EMP_TEMP_SEX_ECO_DT
ILO:DF_YI_YEM_EMP_TEMP_SEX_ECO_DT(1.0),YI,YEM,A,585,EMP_TEMP_DT,SEX_T,ECO_AGGREGATE_MKT,1998,16.22,,,,,,,,,,,,,,,,,DT,PT,0,,1,EA,EMP_TEMP_SEX_ECO_DT
ILO:DF_YI_YEM_EMP_TEMP_SEX_ECO_DT(1.0),YI,YEM,A,585,EMP_TEMP_DT,SEX_T,ECO_AGGREGATE_MAN,1991,3.79,,,,,,,,,,,,,,,,,DT,PT,0,,1,EA,EMP_TEMP_SEX_ECO_DT
ILO:DF_YI_YEM_EMP_TEMP_SEX_ECO_DT(1.0),YI,YEM,A,585,EMP_TEMP_DT,SEX_T,ECO_AGGREGATE_MAN,1998,4.57,,,,,,,,,,,,,,,,,DT,PT,0,,1,EA,EMP_TEMP_SEX_ECO_DT
ILO:DF_YI_YEM_EMP_TEMP_SEX_ECO_DT(1.0),YI,YEM,A,585,EMP_TEMP_DT,SEX_M,ECO_AGGREGATE_MEL,1991,1.11,,,,,,,,,,,,,,,,,DT,PT,0,,1,EA,EMP_TEMP_SEX_ECO_DT
ILO:DF_YI_YEM_EMP_TEMP_SEX_ECO_DT(1.0),YI,YEM,A,585,EMP_TEMP_DT,SEX_M,ECO_AGGREGATE_MEL,1998,1.56,,,,,,,,,,,,,,,,,DT,PT,0,,1,EA,EMP_TEMP_SEX_ECO_DT
ILO:DF_YI_YEM_EMP_TEMP_SEX_ECO_DT(1.0),YI,YEM,A,585,EMP_TEMP_DT,SEX_M,ECO_ISIC2_TOTAL,1991,100,,,,,,,,,,,,,,,,,DT,PT,0,,1,EA,EMP_TEMP_SEX_ECO_DT
ILO:DF_YI_YEM_EMP_TEMP_SEX_ECO_DT(1.0),YI,YEM,A,585,EMP_TEMP_DT,SEX_M,ECO_ISIC2_2,1991,0.52,,,,,,,,,,,,,,,,,DT,PT,0,,1,EA,EMP_TEMP_SEX_ECO_DT
ILO:DF_YI_YEM_EMP_TEMP_SEX_ECO_DT(1.0),YI,YEM,A,585,EMP_TEMP_DT,SEX_F,ECO_ISIC2_3,1991,1.68,,,,,,,,,,,,,,,,,DT,PT,0,,1,EA,EMP_TEMP_SEX_ECO_DT
ILO:DF_YI_YEM_EMP_TEMP_SEX_ECO_DT(1.0),YI,YEM,A,585,EMP_TEMP_DT,SEX_T,ECO_SECTOR_NAG,1991,47.38,,,,,,,,,,,,,,,,,DT,PT,0,,1,EA,EMP_TEMP_SEX_ECO_DT
ILO:DF_YI_YEM_EMP_TEMP_SEX_ECO_DT(1.0),YI,YEM,A,585,EMP_TEMP_DT,SEX_T,ECO_SECTOR_NAG,1998,43.67,,,,,,,,,,,,,,,,,DT,PT,0,,1,EA,EMP_TEMP_SEX_ECO_DT
ILO:DF_YI_YEM_EMP_TEMP_SEX_ECO_DT(1.0),YI,YEM,A,585,EMP_TEMP_DT,SEX_M,ECO_SECTOR_SER,1991,37.70,,,,,,,,,,,,,,,,,DT,PT,0,,1,EA,EMP_TEMP_SEX_ECO_DT
ILO:DF_YI_YEM_EMP_TEMP_SEX_ECO_DT(1.0),YI,YEM,A,585,EMP_TEMP_DT,SEX_M,ECO_SECTOR_SER,1998,39.47,,,,,,,,,,,,,,,,,DT,PT,0,,1,EA,EMP_TEMP_SEX_ECO_DT
ILO:DF_YI_YEM_EMP_TEMP_SEX_ECO_DT(1.0),YI,YEM,A,585,EMP_TEMP_DT,SEX_F,ECO_SECTOR_IND,1991,2.22,,,,,,,,,,,,,,,,,DT,PT,0,,1,EA,EMP_TEMP_SEX_ECO_DT
ILO:DF_YI_YEM_EMP_TEMP_SEX_ECO_DT(1.0),YI,YEM,A,585,EMP_TEMP_DT,SEX_F,ECO_SECTOR_IND,1998,3.92,,,,,,,,,,,,,,,,,DT,PT,0,,1,EA,EMP_TEMP_SEX_ECO_DT
ILO:DF_YI_YEM_EMP_TEMP_SEX_ECO_DT(1.0),YI,YEM,A,1801,EMP_TEMP_DT,SEX_T,ECO_AGGREGATE_X,1994,1.93,,,,,,,,,,,,,,,,,DT,PT,0,,1,AA,EMP_TEMP_SEX_ECO_DT
ILO:DF_YI_YEM_EMP_TEMP_SEX_ECO_DT(1.0),YI,YEM,A,1801,EMP_TEMP_DT,SEX_F,ECO_AGGREGATE_X,1994,0.74,,,,,,,,,,,,,,,,,DT,PT,0,,1,AA,EMP_TEMP_SEX_ECO_DT
ILO:DF_YI_YEM_EMP_TEMP_SEX_ECO_DT(1.0),YI,YEM,A,1801,EMP_TEMP_DT,SEX_F,ECO_SECTOR_NAG,1994,13.12,,,,,,,,,,,,,,,,,DT,PT,0,,1,AA,EMP_TEMP_SEX_ECO_DT
ILO:DF_YI_YEM_EMP_TEMP_SEX_ECO_DT(1.0),YI,YEM,A,1801,EMP_TEMP_DT,SEX_F,ECO_SECTOR_NAG,2004,58.20,,,,,,,,,,,,,,,,,DT,PT,0,,1,AA,EMP_TEMP_SEX_ECO_DT
ILO:DF_YI_YEM_EMP_TEMP_SEX_ECO_DT(1.0),YI,YEM,A,1801,EMP_TEMP_DT,SEX_T,ECO_SECTOR_IND,1994,10.83,,,,,,,,,,,,,,,,,DT,PT,0,,1,AA,EMP_TEMP_SEX_ECO_DT
ILO:DF_YI_YEM_EMP_TEMP_SEX_ECO_DT(1.0),YI,YEM,A,1801,EMP_TEMP_DT,SEX_T,ECO_SECTOR_IND,2004,16.26,,,,,,,,,,,,,,,,,DT,PT,0,,1,AA,EMP_TEMP_SEX_ECO_DT
ILO:DF_YI_YEM_EMP_TEMP_SEX_ECO_DT(1.0),YI,YEM,A,1801,EMP_TEMP_DT,SEX_M,ECO_SECTOR_AGR,1994,44.98,,,,,,,,,,,,,,,,,DT,PT,0,,1,AA,EMP_TEMP_SEX_ECO_DT
ILO:DF_YI_YEM_EMP_TEMP_SEX_ECO_DT(1.0),YI,YEM,A,1801,EMP_TEMP_DT,SEX_M,ECO_SECTOR_AGR,2004,29.99,,,,,,,,,,,,,,,,,DT,PT,0,,1,AA,EMP_TEMP_SEX_ECO_DT
ILO:DF_YI_YEM_EMP_TEMP_SEX_ECO_DT(1.0),YI,YEM,A,1801,EMP_TEMP_DT,SEX_T,ECO_ISIC3_P,1994,0.27,,,,,,,,,,,,,,,,,DT,PT,0,,1,AA,EMP_TEMP_SEX_ECO_DT
ILO:DF_YI_YEM_EMP_TEMP_SEX_ECO_DT(1.0),YI,YEM,A,1801,EMP_TEMP_DT,SEX_T,ECO_ISIC3_P,2004,0.53,,,,,,,,,,,,,,,,,DT,PT,0,,1,AA,EMP_TEMP_SEX_ECO_DT
ILO:DF_YI_YEM_EMP_TEMP_SEX_ECO_DT(1.0),YI,YEM,A,1801,EMP_TEMP_DT,SEX_T,ECO_ISIC3_X,1994,1.93,,,,,,,,,,,,,,,,,DT,PT,0,,1,AA,EMP_TEMP_SEX_ECO_DT
ILO:DF_YI_YEM_EMP_TEMP_SEX_ECO_DT(1.0),YI,YEM,A,1801,EMP_TEMP_DT,SEX_M,ECO_ISIC3_A,1994,44.09,,,,,,,,,,,,,,,,,DT,PT,0,,1,AA,EMP_TEMP_SEX_ECO_DT
ILO:DF_YI_YEM_EMP_TEMP_SEX_ECO_DT(1.0),YI,YEM,A,1801,EMP_TEMP_DT,SEX_M,ECO_ISIC3_A,2004,28.70,,,,,,,,,,,,,,,,,DT,PT,0,,1,AA,EMP_TEMP_SEX_ECO_DT
ILO:DF_YI_YEM_EMP_TEMP_SEX_ECO_DT(1.0),YI,YEM,A,1801,EMP_TEMP_DT,SEX_M,ECO_ISIC3_C,1994,0.31,,,,,,,,,,,,,,,,,DT,PT,0,,1,AA,EMP_TEMP_SEX_ECO_DT
ILO:DF_YI_YEM_EMP_TEMP_SEX_ECO_DT(1.0),YI,YEM,A,1801,EMP_TEMP_DT,SEX_M,ECO_ISIC3_C,2004,0.52,,,,,,,,,,,,,,,,,DT,PT,0,,1,AA,EMP_TEMP_SEX_ECO_DT
ILO:DF_YI_YEM_EMP_TEMP_SEX_ECO_DT(1.0),YI,YEM,A,1801,EMP_TEMP_DT,SEX_M,ECO_ISIC3_D,1994,4.18,,,,,,,,,,,,,,,,,DT,PT,0,,1,AA,EMP_TEMP_SEX_ECO_DT
ILO:DF_YI_YEM_EMP_TEMP_SEX_ECO_DT(1.0),YI,YEM,A,1801,EMP_TEMP_DT,SEX_M,ECO_ISIC3_D,2004,5.70,,,,,,,,,,,,,,,,,DT,PT,0,,1,AA,EMP_TEMP_SEX_ECO_DT
ILO:DF_YI_YEM_EMP_TEMP_SEX_ECO_DT(1.0),YI,YEM,A,1801,EMP_TEMP_DT,SEX_M,ECO_ISIC3_L,1994,14.95,,,,,,,,,,,,,,,,,DT,PT,0,,1,AA,EMP_TEMP_SEX_ECO_DT
ILO:DF_YI_YEM_EMP_TEMP_SEX_ECO_DT(1.0),YI,YEM,A,1801,EMP_TEMP_DT,SEX_M,ECO_ISIC3_L,2004,13.69,,,,,,,,,,,,,,,,,DT,PT,0,,1,AA,EMP_TEMP_SEX_ECO_DT
ILO:DF_YI_YEM_EMP_TEMP_SEX_ECO_DT(1.0),YI,YEM,A,1801,EMP_TEMP_DT,SEX_F,ECO_ISIC3_TOTAL,1994,100,,,,,,,,,,,,,,,,,DT,PT,0,,1,AA,EMP_TEMP_SEX_ECO_DT
ILO:DF_YI_YEM_EMP_TEMP_SEX_ECO_DT(1.0),YI,YEM,A,1801,EMP_TEMP_DT,SEX_F,ECO_ISIC3_TOTAL,2004,100,,,,,,,,,,,,,,,,,DT,PT,0,,1,AA,EMP_TEMP_SEX_ECO_DT
ILO:DF_YI_YEM_EMP_TEMP_SEX_ECO_DT(1.0),YI,YEM,A,1801,EMP_TEMP_DT,SEX_F,ECO_ISIC3_Q,1994,0.03,,,,,,,,,,,,,,,,,DT,PT,0,,1,AA,EMP_TEMP_SEX_ECO_DT
ILO:DF_YI_YEM_EMP_TEMP_SEX_ECO_DT(1.0),YI,YEM,A,1801,EMP_TEMP_DT,SEX_F,ECO_ISIC3_Q,2004,0.32,,,,,,,,,,,,,,,,,DT,PT,0,,1,AA,EMP_TEMP_SEX_ECO_DT
ILO:DF_YI_YEM_EMP_TEMP_SEX_ECO_DT(1.0),YI,YEM,A,585,EMP_TEMP_DT,SEX_F,ECO_SECTOR_X,1998,1,,,,,,,,,,,,,,,,,DT,PT,0,,1,EA,EMP_TEMP_SEX_ECO_DT
ILO:DF_YI_YEM_EMP_TEMP_SEX_ECO_DT(1.0),YI,YEM,A,585,EMP_TEMP_DT,SEX_F,ECO_SECTOR_X,1991,1.26,,,,,,,,,,,,,,,,,DT,PT,0,,1,EA,EMP_TEMP_SEX_ECO_DT
ILO:DF_YI_YEM_EMP_TEMP_SEX_ECO_DT(1.0),YI,YEM,A,585,EMP_TEMP_DT,SEX_F,ECO_AGGREGATE_MEL,1998,0.18,,,,,,,,,,,,,,,,,DT,PT,0,,1,EA,EMP_TEMP_SEX_ECO_DT
ILO:DF_YI_YEM_EMP_TEMP_SEX_ECO_DT(1.0),YI,YEM,A,585,EMP_TEMP_DT,SEX_F,ECO_AGGREGATE_MEL,1991,0.31,,,,,,,,,,,,,,,,,DT,PT,0,,1,EA,EMP_TEMP_SEX_ECO_DT
ILO:DF_YI_YEM_EMP_TEMP_SEX_ECO_DT(1.0),YI,YEM,A,585,EMP_TEMP_DT,SEX_F,ECO_ISIC3_M,1998,3.49,,,,,,,,,,,,,,,,,DT,PT,0,,1,EA,EMP_TEMP_SEX_ECO_DT
ILO:DF_YI_YEM_EMP_TEMP_SEX_ECO_DT(1.0),YI,YEM,A,585,EMP_TEMP_DT,SEX_T,ECO_ISIC3_A,1998,55.70,,,,,,,,,,,,,,,,,DT,PT,0,,1,EA,EMP_TEMP_SEX_ECO_DT
ILO:DF_YI_YEM_EMP_TEMP_SEX_ECO_DT(1.0),YI,YEM,A,585,EMP_TEMP_DT,SEX_T,ECO_ISIC3_G,1998,10.14,,,,,,,,,,,,,,,,,DT,PT,0,,1,EA,EMP_TEMP_SEX_ECO_DT
ILO:DF_YI_YEM_EMP_TEMP_SEX_ECO_DT(1.0),YI,YEM,A,585,EMP_TEMP_DT,SEX_T,ECO_ISIC3_X,1998,0.96,,,,,,,,,,,,,,,,,DT,PT,0,,1,EA,EMP_TEMP_SEX_ECO_DT
ILO:DF_YI_YEM_EMP_TEMP_SEX_ECO_DT(1.0),YI,YEM,A,585,EMP_TEMP_DT,SEX_M,ECO_ISIC3_J,1998,0.21,,,,,,,,,,,,,,,,,DT,PT,0,,1,EA,EMP_TEMP_SEX_ECO_DT
ILO:DF_YI_YEM_EMP_TEMP_SEX_ECO_DT(1.0),YI,YEM,A,585,EMP_TEMP_DT,SEX_M,ECO_ISIC3_P,1998,0.15,,,,,,,,,,,,,,,,,DT,PT,0,,1,EA,EMP_TEMP_SEX_ECO_DT
ILO:DF_YI_YEM_EMP_TEMP_SEX_ECO_DT(1.0),YI,YEM,A,585,EMP_TEMP_DT,SEX_M,ECO_ISIC3_X,1998,0.95,,,,,,,,,,,,,,,,,DT,PT,0,,1,EA,EMP_TEMP_SEX_ECO_DT
ILO:DF_YI_YEM_EMP_TEMP_SEX_ECO_DT(1.0),YI,YEM,A,585,EMP_TEMP_DT,SEX_F,ECO_ISIC3_B,1998,0.02,,,,,,,,,,,,,,,,,DT,PT,0,,1,EA,EMP_TEMP_SEX_ECO_DT
ILO:DF_YI_YEM_EMP_TEMP_SEX_ECO_DT(1.0),YI,YEM,A,585,EMP_TEMP_DT,SEX_F,ECO_ISIC3_E,1998,0.08,,,,,,,,,,,,,,,,,DT,PT,0,,1,EA,EMP_TEMP_SEX_ECO_DT
ILO:DF_YI_YEM_EMP_TEMP_SEX_ECO_DT(1.0),YI,YEM,A,13360,EMP_TEMP_DT,SEX_F,ECO_AGGREGATE_TOTAL,1999,100,,,,,,,,,,,,,,,,,DT,PT,0,,1,BA,EMP_TEMP_SEX_ECO_DT
ILO:DF_YI_YEM_EMP_TEMP_SEX_ECO_DT(1.0),YI,YEM,A,13360,EMP_TEMP_DT,SEX_F,ECO_AGGREGATE_TOTAL,2014,100,,,,,,,3513,,,,,,,,,,DT,PT,0,,1,BA,EMP_TEMP_SEX_ECO_DT
ILO:DF_YI_YEM_EMP_TEMP_SEX_ECO_DT(1.0),YI,YEM,A,13360,EMP_TEMP_DT,SEX_F,ECO_AGGREGATE_TOTAL,2010,100,,,,,,,,,,,,,,,,,DT,PT,0,,1,BA,EMP_TEMP_SEX_ECO_DT
ILO:DF_YI_YEM_EMP_TEMP_SEX_ECO_DT(1.0),YI,YEM,A,13360,EMP_TEMP_DT,SEX_F,ECO_AGGREGATE_AGR,1999,87.78,,,,,,,,,,,,,,,,,DT,PT,0,,1,BA,EMP_TEMP_SEX_ECO_DT
ILO:DF_YI_YEM_EMP_TEMP_SEX_ECO_DT(1.0),YI,YEM,A,13360,EMP_TEMP_DT,SEX_F,ECO_AGGREGATE_AGR,2014,51.34,,,,,,,3513,,,,,,,,,,DT,PT,0,,1,BA,EMP_TEMP_SEX_ECO_DT
ILO:DF_YI_YEM_EMP_TEMP_SEX_ECO_DT(1.0),YI,YEM,A,13360,EMP_TEMP_DT,SEX_F,ECO_AGGREGATE_AGR,2010,28.03,,,,,,,,,,,,,,,,,DT,PT,0,,1,BA,EMP_TEMP_SEX_ECO_DT
ILO:DF_YI_YEM_EMP_TEMP_SEX_ECO_DT(1.0),YI,YEM,A,13360,EMP_TEMP_DT,SEX_F,ECO_AGGREGATE_MAN,1999,2.59,,,,,,,,,,,,,,,,,DT,PT,0,,1,BA,EMP_TEMP_SEX_ECO_DT
ILO:DF_YI_YEM_EMP_TEMP_SEX_ECO_DT(1.0),YI,YEM,A,13360,EMP_TEMP_DT,SEX_F,ECO_AGGREGATE_MAN,2014,12.22,,,,,,,3513,,,,,,,,,,DT,PT,0,,1,BA,EMP_TEMP_SEX_ECO_DT
ILO:DF_YI_YEM_EMP_TEMP_SEX_ECO_DT(1.0),YI,YEM,A,13360,EMP_TEMP_DT,SEX_F,ECO_AGGREGATE_MAN,2010,13.97,,,,,,,,,,,,,,,,,DT,PT,0,,1,BA,EMP_TEMP_SEX_ECO_DT
ILO:DF_YI_YEM_EMP_TEMP_SEX_ECO_DT(1.0),YI,YEM,A,13360,EMP_TEMP_DT,SEX_F,ECO_ISIC3_K,1999,0.10,,,,,,,,,,,,,,,,,DT,PT,0,,1,BA,EMP_TEMP_SEX_ECO_DT
ILO:DF_YI_YEM_EMP_TEMP_SEX_ECO_DT(1.0),YI,YEM,A,13360,EMP_TEMP_DT,SEX_F,ECO_ISIC3_K,2010,1.04,,,,,,,,,,,,,,,,,DT,PT,0,,1,BA,EMP_TEMP_SEX_ECO_DT
ILO:DF_YI_YEM_EMP_TEMP_SEX_ECO_DT(1.0),YI,YEM,A,13360,EMP_TEMP_DT,SEX_F,ECO_ISIC3_L,1999,1.15,,,,,,,,,,,,,,,,,DT,PT,0,,1,BA,EMP_TEMP_SEX_ECO_DT
ILO:DF_YI_YEM_EMP_TEMP_SEX_ECO_DT(1.0),YI,YEM,A,13360,EMP_TEMP_DT,SEX_F,ECO_ISIC3_L,2010,7.37,,,,,,,,,,,,,,,,,DT,PT,0,,1,BA,EMP_TEMP_SEX_ECO_DT
ILO:DF_YI_YEM_EMP_TEMP_SEX_ECO_DT(1.0),YI,YEM,A,13360,EMP_TEMP_DT,SEX_F,ECO_ISIC3_L,2014,5.10,,,,,,,3513,,,,,,,,,,DT,PT,0,,1,BA,EMP_TEMP_SEX_ECO_DT
ILO:DF_YI_YEM_EMP_TEMP_SEX_ECO_DT(1.0),YI,YEM,A,13360,EMP_TEMP_DT,SEX_F,ECO_ISIC3_O,1999,0.45,,,,,,,,,,,,,,,,,DT,PT,0,,1,BA,EMP_TEMP_SEX_ECO_DT
ILO:DF_YI_YEM_EMP_TEMP_SEX_ECO_DT(1.0),YI,YEM,A,13360,EMP_TEMP_DT,SEX_F,ECO_ISIC3_O,2014,1.85,,,,,,,3513,,,,,,,,,,DT,PT,0,,1,BA,EMP_TEMP_SEX_ECO_DT
ILO:DF_YI_YEM_EMP_TEMP_SEX_ECO_DT(1.0),YI,YEM,A,13360,EMP_TEMP_DT,SEX_F,ECO_ISIC3_O,2010,3.51,,,,,,,,,,,,,,,,,DT,PT,0,,1,BA,EMP_TEMP_SEX_ECO_DT
ILO:DF_YI_YEM_EMP_TEMP_SEX_ECO_DT(1.0),YI,YEM,A,13360,EMP_TEMP_DT,SEX_M,ECO_ISIC3_I,1999,4.43,,,,,,,,,,,,,,,,,DT,PT,0,,1,BA,EMP_TEMP_SEX_ECO_DT
ILO:DF_YI_YEM_EMP_TEMP_SEX_ECO_DT(1.0),YI,YEM,A,13360,EMP_TEMP_DT,SEX_M,ECO_ISIC3_I,2010,6.95,,,,,,,,,,,,,,,,,DT,PT,0,,1,BA,EMP_TEMP_SEX_ECO_DT
ILO:DF_YI_YEM_EMP_TEMP_SEX_ECO_DT(1.0),YI,YEM,A,13360,EMP_TEMP_DT,SEX_M,ECO_ISIC3_I,2014,9.25,,,,,,,3513,,,,,,,,,,DT,PT,0,,1,BA,EMP_TEMP_SEX_ECO_DT
ILO:DF_YI_YEM_EMP_TEMP_SEX_ECO_DT(1.0),YI,YEM,A,13360,EMP_TEMP_DT,SEX_M,ECO_ISIC3_X,1999,0.03,,,,,,,,,,,,,,,,,DT,PT,0,,1,BA,EMP_TEMP_SEX_ECO_DT
ILO:DF_YI_YEM_EMP_TEMP_SEX_ECO_DT(1.0),YI,YEM,A,13360,EMP_TEMP_DT,SEX_M,ECO_ISIC3_X,2010,0.25,,,,,,,,,,,,,,,,,DT,PT,0,,1,BA,EMP_TEMP_SEX_ECO_DT
ILO:DF_YI_YEM_EMP_TEMP_SEX_ECO_DT(1.0),YI,YEM,A,13360,EMP_TEMP_DT,SEX_M,ECO_ISIC3_X,2014,0.08,,,,,,,3513,,,,,,,,,,DT,PT,0,,1,BA,EMP_TEMP_SEX_ECO_DT
ILO:DF_YI_YEM_EMP_TEMP_SEX_ECO_DT(1.0),YI,YEM,A,13360,EMP_TEMP_DT,SEX_F,ECO_ISIC3_D,1999,2.59,,,,,,,,,,,,,,,,,DT,PT,0,,1,BA,EMP_TEMP_SEX_ECO_DT
ILO:DF_YI_YEM_EMP_TEMP_SEX_ECO_DT(1.0),YI,YEM,A,13360,EMP_TEMP_DT,SEX_F,ECO_ISIC3_D,2014,12.22,,,,,,,3513,,,,,,,,,,DT,PT,0,,1,BA,EMP_TEMP_SEX_ECO_DT
ILO:DF_YI_YEM_EMP_TEMP_SEX_ECO_DT(1.0),YI,YEM,A,13360,EMP_TEMP_DT,SEX_F,ECO_ISIC3_D,2010,13.97,,,,,,,,,,,,,,,,,DT,PT,0,,1,BA,EMP_TEMP_SEX_ECO_DT
ILO:DF_YI_YEM_EMP_TEMP_SEX_ECO_DT(1.0),YI,YEM,A,13360,EMP_TEMP_DT,SEX_T,ECO_SECTOR_X,1999,0.03,,,,,,,,,,,,,,,,,DT,PT,0,,1,BA,EMP_TEMP_SEX_ECO_DT
ILO:DF_YI_YEM_EMP_TEMP_SEX_ECO_DT(1.0),YI,YEM,A,13360,EMP_TEMP_DT,SEX_T,ECO_SECTOR_X,2010,0.23,,,,,,,,,,,,,,,,,DT,PT,0,,1,BA,EMP_TEMP_SEX_ECO_DT
ILO:DF_YI_YEM_EMP_TEMP_SEX_ECO_DT(1.0),YI,YEM,A,13360,EMP_TEMP_DT,SEX_T,ECO_SECTOR_X,2014,0.09,,,,,,,3513,,,,,,,,,,DT,PT,0,,1,BA,EMP_TEMP_SEX_ECO_DT
ILO:DF_YI_YEM_EMP_TEMP_SEX_ECO_DT(1.0),YI,YEM,A,13360,EMP_TEMP_DT,SEX_F,ECO_SECTOR_NAG,1999,12.22,,,,,,,,,,,,,,,,,DT,PT,0,,1,BA,EMP_TEMP_SEX_ECO_DT
ILO:DF_YI_YEM_EMP_TEMP_SEX_ECO_DT(1.0),YI,YEM,A,13360,EMP_TEMP_DT,SEX_F,ECO_SECTOR_NAG,2014,48.66,,,,,,,3513,,,,,,,,,,DT,PT,0,,1,BA,EMP_TEMP_SEX_ECO_DT
ILO:DF_YI_YEM_EMP_TEMP_SEX_ECO_DT(1.0),YI,YEM,A,13360,EMP_TEMP_DT,SEX_F,ECO_SECTOR_NAG,2010,71.97,,,,,,,,,,,,,,,,,DT,PT,0,,1,BA,EMP_TEMP_SEX_ECO_DT
ILO:DF_YI_YEM_EMP_TEMP_SEX_ECO_DT(1.0),YI,YEM,A,1801,EMP_TEMP_DT,SEX_M,ECO_AGGREGATE_TOTAL,2004,100,,,,,,,,,,,,,,,,,DT,PT,0,,1,AA,EMP_TEMP_SEX_ECO_DT
ILO:DF_YI_YEM_EMP_TEMP_SEX_ECO_DT(1.0),YI,YEM,A,1801,EMP_TEMP_DT,SEX_M,ECO_AGGREGATE_TOTAL,1994,100,,,,,,,,,,,,,,,,,DT,PT,0,,1,AA,EMP_TEMP_SEX_ECO_DT
ILO:DF_YI_YEM_EMP_TEMP_SEX_ECO_DT(1.0),YI,YEM,A,1801,EMP_TEMP_DT,SEX_M,ECO_AGGREGATE_AGR,2004,29.99,,,,,,,,,,,,,,,,,DT,PT,0,,1,AA,EMP_TEMP_SEX_ECO_DT
ILO:DF_YI_YEM_EMP_TEMP_SEX_ECO_DT(1.0),YI,YEM,A,1801,EMP_TEMP_DT,SEX_M,ECO_AGGREGATE_AGR,1994,44.98,,,,,,,,,,,,,,,,,DT,PT,0,,1,AA,EMP_TEMP_SEX_ECO_DT
ILO:DF_YI_YEM_EMP_TEMP_SEX_ECO_DT(1.0),YI,YEM,A,1801,EMP_TEMP_DT,SEX_M,ECO_AGGREGATE_MKT,2004,29.69,,,,,,,,,,,,,,,,,DT,PT,0,,1,AA,EMP_TEMP_SEX_ECO_DT
ILO:DF_YI_YEM_EMP_TEMP_SEX_ECO_DT(1.0),YI,YEM,A,1801,EMP_TEMP_DT,SEX_M,ECO_AGGREGATE_MKT,1994,18.67,,,,,,,,,,,,,,,,,DT,PT,0,,1,AA,EMP_TEMP_SEX_ECO_DT
ILO:DF_YI_YEM_EMP_TEMP_SEX_ECO_DT(1.0),YI,YEM,A,1801,EMP_TEMP_DT,SEX_F,ECO_AGGREGATE_MKT,2004,9.32,,,,,,,,,,,,,,,,,DT,PT,0,,1,AA,EMP_TEMP_SEX_ECO_DT
ILO:DF_YI_YEM_EMP_TEMP_SEX_ECO_DT(1.0),YI,YEM,A,1801,EMP_TEMP_DT,SEX_F,ECO_AGGREGATE_MKT,1994,1.86,,,,,,,,,,,,,,,,,DT,PT,0,,1,AA,EMP_TEMP_SEX_ECO_DT
ILO:DF_YI_YEM_EMP_TEMP_SEX_ECO_DT(1.0),YI,YEM,A,1801,EMP_TEMP_DT,SEX_T,ECO_ISIC3_C,2004,0.51,,,,,,,,,,,,,,,,,DT,PT,0,,1,AA,EMP_TEMP_SEX_ECO_DT
ILO:DF_YI_YEM_EMP_TEMP_SEX_ECO_DT(1.0),YI,YEM,A,1801,EMP_TEMP_DT,SEX_T,ECO_ISIC3_C,1994,0.26,,,,,,,,,,,,,,,,,DT,PT,0,,1,AA,EMP_TEMP_SEX_ECO_DT
ILO:DF_YI_YEM_EMP_TEMP_SEX_ECO_DT(1.0),YI,YEM,A,1801,EMP_TEMP_DT,SEX_T,ECO_ISIC3_A,2004,29.82,,,,,,,,,,,,,,,,,DT,PT,0,,1,AA,EMP_TEMP_SEX_ECO_DT
ILO:DF_YI_YEM_EMP_TEMP_SEX_ECO_DT(1.0),YI,YEM,A,1801,EMP_TEMP_DT,SEX_T,ECO_ISIC3_A,1994,52.88,,,,,,,,,,,,,,,,,DT,PT,0,,1,AA,EMP_TEMP_SEX_ECO_DT
ILO:DF_YI_YEM_EMP_TEMP_SEX_ECO_DT(1.0),YI,YEM,A,1801,EMP_TEMP_DT,SEX_T,ECO_ISIC3_Q,2004,0.11,,,,,,,,,,,,,,,,,DT,PT,0,,1,AA,EMP_TEMP_SEX_ECO_DT
ILO:DF_YI_YEM_EMP_TEMP_SEX_ECO_DT(1.0),YI,YEM,A,1801,EMP_TEMP_DT,SEX_T,ECO_ISIC3_Q,1994,0.04,,,,,,,,,,,,,,,,,DT,PT,0,,1,AA,EMP_TEMP_SEX_ECO_DT
ILO:DF_YI_YEM_EMP_TEMP_SEX_ECO_DT(1.0),YI,YEM,A,1801,EMP_TEMP_DT,SEX_M,ECO_ISIC3_P,2004,0.40,,,,,,,,,,,,,,,,,DT,PT,0,,1,AA,EMP_TEMP_SEX_ECO_DT
ILO:DF_YI_YEM_EMP_TEMP_SEX_ECO_DT(1.0),YI,YEM,A,1801,EMP_TEMP_DT,SEX_M,ECO_ISIC3_P,1994,0.26,,,,,,,,,,,,,,,,,DT,PT,0,,1,AA,EMP_TEMP_SEX_ECO_DT
ILO:DF_YI_YEM_EMP_TEMP_SEX_ECO_DT(1.0),YI,YEM,A,1801,EMP_TEMP_DT,SEX_F,ECO_ISIC3_B,2004,0.32,,,,,,,,,,,,,,,,,DT,PT,0,,1,AA,EMP_TEMP_SEX_ECO_DT
ILO:DF_YI_YEM_EMP_TEMP_SEX_ECO_DT(1.0),YI,YEM,A,1801,EMP_TEMP_DT,SEX_F,ECO_ISIC3_B,1994,0.04,,,,,,,,,,,,,,,,,DT,PT,0,,1,AA,EMP_TEMP_SEX_ECO_DT
ILO:DF_YI_YEM_EMP_TEMP_SEX_ECO_DT(1.0),YI,YEM,A,1801,EMP_TEMP_DT,SEX_F,ECO_ISIC3_H,2004,0.64,,,,,,,,,,,,,,,,,DT,PT,0,,1,AA,EMP_TEMP_SEX_ECO_DT
ILO:DF_YI_YEM_EMP_TEMP_SEX_ECO_DT(1.0),YI,YEM,A,1801,EMP_TEMP_DT,SEX_F,ECO_ISIC3_H,1994,0.11,,,,,,,,,,,,,,,,,DT,PT,0,,1,AA,EMP_TEMP_SEX_ECO_DT
ILO:DF_YI_YEM_EMP_TEMP_SEX_ECO_DT(1.0),YI,YEM,A,1801,EMP_TEMP_DT,SEX_F,ECO_ISIC3_M,2004,22.51,,,,,,,,,,,,,,,,,DT,PT,0,,1,AA,EMP_TEMP_SEX_ECO_DT
ILO:DF_YI_YEM_EMP_TEMP_SEX_ECO_DT(1.0),YI,YEM,A,1801,EMP_TEMP_DT,SEX_F,ECO_ISIC3_M,1994,3.47,,,,,,,,,,,,,,,,,DT,PT,0,,1,AA,EMP_TEMP_SEX_ECO_DT
ILO:DF_YI_YEM_EMP_TEMP_SEX_ECO_DT(1.0),YI,YEM,A,1801,EMP_TEMP_DT,SEX_T,ECO_SECTOR_TOTAL,2004,100,,,,,,,,,,,,,,,,,DT,PT,0,,1,AA,EMP_TEMP_SEX_ECO_DT
ILO:DF_YI_YEM_EMP_TEMP_SEX_ECO_DT(1.0),YI,YEM,A,1801,EMP_TEMP_DT,SEX_T,ECO_SECTOR_TOTAL,1994,100,,,,,,,,,,,,,,,,,DT,PT,0,,1,AA,EMP_TEMP_SEX_ECO_DT
ILO:DF_YI_YEM_EMP_TEMP_SEX_ECO_DT(1.0),YI,YEM,A,13360,EMP_TEMP_DT,SEX_T,ECO_ISIC3_B,2010,0.94,,,,,,,,,,,,,,,,,DT,PT,0,,1,BA,EMP_TEMP_SEX_ECO_DT
ILO:DF_YI_YEM_EMP_TEMP_SEX_ECO_DT(1.0),YI,YEM,A,13360,EMP_TEMP_DT,SEX_T,ECO_ISIC3_B,2014,0.66,,,,,,,3513,,,,,,,,,,DT,PT,0,,1,BA,EMP_TEMP_SEX_ECO_DT
ILO:DF_YI_YEM_EMP_TEMP_SEX_ECO_DT(1.0),YI,YEM,A,13360,EMP_TEMP_DT,SEX_T,ECO_ISIC3_B,1999,0.87,,,,,,,,,,,,,,,,,DT,PT,0,,1,BA,EMP_TEMP_SEX_ECO_DT
ILO:DF_YI_YEM_EMP_TEMP_SEX_ECO_DT(1.0),YI,YEM,A,13360,EMP_TEMP_DT,SEX_T,ECO_ISIC3_D,2010,6.60,,,,,,,,,,,,,,,,,DT,PT,0,,1,BA,EMP_TEMP_SEX_ECO_DT
ILO:DF_YI_YEM_EMP_TEMP_SEX_ECO_DT(1.0),YI,YEM,A,13360,EMP_TEMP_DT,SEX_T,ECO_ISIC3_D,2014,5.50,,,,,,,3513,,,,,,,,,,DT,PT,0,,1,BA,EMP_TEMP_SEX_ECO_DT
ILO:DF_YI_YEM_EMP_TEMP_SEX_ECO_DT(1.0),YI,YEM,A,13360,EMP_TEMP_DT,SEX_T,ECO_ISIC3_D,1999,3.74,,,,,,,,,,,,,,,,,DT,PT,0,,1,BA,EMP_TEMP_SEX_ECO_DT
ILO:DF_YI_YEM_EMP_TEMP_SEX_ECO_DT(1.0),YI,YEM,A,13360,EMP_TEMP_DT,SEX_T,ECO_ISIC3_I,2010,6.53,,,,,,,,,,,,,,,,,DT,PT,0,,1,BA,EMP_TEMP_SEX_ECO_DT
ILO:DF_YI_YEM_EMP_TEMP_SEX_ECO_DT(1.0),YI,YEM,A,13360,EMP_TEMP_DT,SEX_T,ECO_ISIC3_I,1999,3.38,,,,,,,,,,,,,,,,,DT,PT,0,,1,BA,EMP_TEMP_SEX_ECO_DT
ILO:DF_YI_YEM_EMP_TEMP_SEX_ECO_DT(1.0),YI,YEM,A,13360,EMP_TEMP_DT,SEX_T,ECO_ISIC3_I,2014,8.64,,,,,,,3513,,,,,,,,,,DT,PT,0,,1,BA,EMP_TEMP_SEX_ECO_DT
ILO:DF_YI_YEM_EMP_TEMP_SEX_ECO_DT(1.0),YI,YEM,A,13360,EMP_TEMP_DT,SEX_T,ECO_ISIC3_Q,2010,0.06,,,,,,,,,,,,,,,,,DT,PT,0,,1,BA,EMP_TEMP_SEX_ECO_DT
ILO:DF_YI_YEM_EMP_TEMP_SEX_ECO_DT(1.0),YI,YEM,A,13360,EMP_TEMP_DT,SEX_T,ECO_ISIC3_Q,1999,0.01,,,,,,,,,,,,,,,,,DT,PT,0,,1,BA,EMP_TEMP_SEX_ECO_DT
ILO:DF_YI_YEM_EMP_TEMP_SEX_ECO_DT(1.0),YI,YEM,A,13360,EMP_TEMP_DT,SEX_T,ECO_ISIC3_Q,2014,0.62,,,,,,,3513,,,,,,,,,,DT,PT,0,,1,BA,EMP_TEMP_SEX_ECO_DT
ILO:DF_YI_YEM_EMP_TEMP_SEX_ECO_DT(1.0),YI,YEM,A,13360,EMP_TEMP_DT,SEX_M,ECO_ISIC3_P,2010,0.92,,,,,,,,,,,,,,,,,DT,PT,0,,1,BA,EMP_TEMP_SEX_ECO_DT
ILO:DF_YI_YEM_EMP_TEMP_SEX_ECO_DT(1.0),YI,YEM,A,13360,EMP_TEMP_DT,SEX_M,ECO_ISIC3_P,2014,0.35,,,,,,,3513,,,,,,,,,,DT,PT,0,,1,BA,EMP_TEMP_SEX_ECO_DT
ILO:DF_YI_YEM_EMP_TEMP_SEX_ECO_DT(1.0),YI,YEM,A,13360,EMP_TEMP_DT,SEX_M,ECO_ISIC3_P,1999,0.12,,,,,,,,,,,,,,,,,DT,PT,0,,1,BA,EMP_TEMP_SEX_ECO_DT
ILO:DF_YI_YEM_EMP_TEMP_SEX_ECO_DT(1.0),YI,YEM,A,13360,EMP_TEMP_DT,SEX_M,ECO_AGGREGATE_TOTAL,2010,100,,,,,,,,,,,,,,,,,DT,PT,0,,1,BA,EMP_TEMP_SEX_ECO_DT
ILO:DF_YI_YEM_EMP_TEMP_SEX_ECO_DT(1.0),YI,YEM,A,13360,EMP_TEMP_DT,SEX_M,ECO_AGGREGATE_TOTAL,1999,100,,,,,,,,,,,,,,,,,DT,PT,0,,1,BA,EMP_TEMP_SEX_ECO_DT
ILO:DF_YI_YEM_EMP_TEMP_SEX_ECO_DT(1.0),YI,YEM,A,13360,EMP_TEMP_DT,SEX_M,ECO_AGGREGATE_TOTAL,2014,100,,,,,,,3513,,,,,,,,,,DT,PT,0,,1,BA,EMP_TEMP_SEX_ECO_DT
ILO:DF_YI_YEM_EMP_TEMP_SEX_ECO_DT(1.0),YI,YEM,A,13360,EMP_TEMP_DT,SEX_F,ECO_AGGREGATE_MKT,2010,13.43,,,,,,,,,,,,,,,,,DT,PT,0,,1,BA,EMP_TEMP_SEX_ECO_DT
ILO:DF_YI_YEM_EMP_TEMP_SEX_ECO_DT(1.0),YI,YEM,A,13360,EMP_TEMP_DT,SEX_F,ECO_AGGREGATE_MKT,2014,7.18,,,,,,,3513,,,,,,,,,,DT,PT,0,,1,BA,EMP_TEMP_SEX_ECO_DT
ILO:DF_YI_YEM_EMP_TEMP_SEX_ECO_DT(1.0),YI,YEM,A,13360,EMP_TEMP_DT,SEX_F,ECO_AGGREGATE_MKT,1999,1.89,,,,,,,,,,,,,,,,,DT,PT,0,,1,BA,EMP_TEMP_SEX_ECO_DT
ILO:DF_YI_YEM_EMP_TEMP_SEX_ECO_DT(1.0),YI,YEM,A,13360,EMP_TEMP_DT,SEX_F,ECO_AGGREGATE_X,2010,0.01,,,,,,,,,,,,,,,,,DT,PT,0,,1,BA,EMP_TEMP_SEX_ECO_DT
ILO:DF_YI_YEM_EMP_TEMP_SEX_ECO_DT(1.0),YI,YEM,A,13360,EMP_TEMP_DT,SEX_F,ECO_AGGREGATE_X,1999,0.04,,,,,,,,,,,,,,,,,DT,PT,0,,1,BA,EMP_TEMP_SEX_ECO_DT
ILO:DF_YI_YEM_EMP_TEMP_SEX_ECO_DT(1.0),YI,YEM,A,13360,EMP_TEMP_DT,SEX_M,ECO_SECTOR_IND,2010,19.32,,,,,,,,,,,,,,,,,DT,PT,0,,1,BA,EMP_TEMP_SEX_ECO_DT
ILO:DF_YI_YEM_EMP_TEMP_SEX_ECO_DT(1.0),YI,YEM,A,13360,EMP_TEMP_DT,SEX_M,ECO_SECTOR_IND,2014,14.60,,,,,,,3513,,,,,,,,,,DT,PT,0,,1,BA,EMP_TEMP_SEX_ECO_DT
ILO:DF_YI_YEM_EMP_TEMP_SEX_ECO_DT(1.0),YI,YEM,A,13360,EMP_TEMP_DT,SEX_M,ECO_SECTOR_IND,1999,13.80,,,,,,,,,,,,,,,,,DT,PT,0,,1,BA,EMP_TEMP_SEX_ECO_DT
ILO:DF_YI_YEM_EMP_TEMP_SEX_ECO_DT(1.0),YI,YEM,A,13360,EMP_TEMP_DT,SEX_M,ECO_ISIC3_M,2014,4.70,,,,,,,3513,,,,,,,,,,DT,PT,0,,1,BA,EMP_TEMP_SEX_ECO_DT
ILO:DF_YI_YEM_EMP_TEMP_SEX_ECO_DT(1.0),YI,YEM,A,13360,EMP_TEMP_DT,SEX_M,ECO_ISIC3_M,2010,6.13,,,,,,,,,,,,,,,,,DT,PT,0,,1,BA,EMP_TEMP_SEX_ECO_DT
ILO:DF_YI_YEM_EMP_TEMP_SEX_ECO_DT(1.0),YI,YEM,A,13360,EMP_TEMP_DT,SEX_M,ECO_ISIC3_M,1999,6.26,,,,,,,,,,,,,,,,,DT,PT,0,,1,BA,EMP_TEMP_SEX_ECO_DT
ILO:DF_YI_YEM_EMP_TEMP_SEX_ECO_DT(1.0),YI,YEM,A,13360,EMP_TEMP_DT,SEX_T,ECO_ISIC3_F,2014,8.61,,,,,,,3513,,,,,,,,,,DT,PT,0,,1,BA,EMP_TEMP_SEX_ECO_DT
ILO:DF_YI_YEM_EMP_TEMP_SEX_ECO_DT(1.0),YI,YEM,A,13360,EMP_TEMP_DT,SEX_T,ECO_ISIC3_F,1999,6.58,,,,,,,,,,,,,,,,,DT,PT,0,,1,BA,EMP_TEMP_SEX_ECO_DT
ILO:DF_YI_YEM_EMP_TEMP_SEX_ECO_DT(1.0),YI,YEM,A,13360,EMP_TEMP_DT,SEX_T,ECO_ISIC3_F,2010,10.71,,,,,,,,,,,,,,,,,DT,PT,0,,1,BA,EMP_TEMP_SEX_ECO_DT
ILO:DF_YI_YEM_EMP_TEMP_SEX_ECO_DT(1.0),YI,YEM,A,13360,EMP_TEMP_DT,SEX_M,ECO_ISIC3_F,2014,9.25,,,,,,,3513,,,,,,,,,,DT,PT,0,,1,BA,EMP_TEMP_SEX_ECO_DT
ILO:DF_YI_YEM_EMP_TEMP_SEX_ECO_DT(1.0),YI,YEM,A,13360,EMP_TEMP_DT,SEX_M,ECO_ISIC3_F,1999,8.67,,,,,,,,,,,,,,,,,DT,PT,0,,1,BA,EMP_TEMP_SEX_ECO_DT
ILO:DF_YI_YEM_EMP_TEMP_SEX_ECO_DT(1.0),YI,YEM,A,13360,EMP_TEMP_DT,SEX_M,ECO_ISIC3_F,2010,11.49,,,,,,,,,,,,,,,,,DT,PT,0,,1,BA,EMP_TEMP_SEX_ECO_DT
ILO:DF_YI_YEM_EMP_TEMP_SEX_ECO_DT(1.0),YI,YEM,A,13360,EMP_TEMP_DT,SEX_T,ECO_AGGREGATE_TOTAL,2014,100,,,,,,,3513,,,,,,,,,,DT,PT,0,,1,BA,EMP_TEMP_SEX_ECO_DT
ILO:DF_YI_YEM_EMP_TEMP_SEX_ECO_DT(1.0),YI,YEM,A,13360,EMP_TEMP_DT,SEX_T,ECO_AGGREGATE_TOTAL,1999,100,,,,,,,,,,,,,,,,,DT,PT,0,,1,BA,EMP_TEMP_SEX_ECO_DT
ILO:DF_YI_YEM_EMP_TEMP_SEX_ECO_DT(1.0),YI,YEM,A,13360,EMP_TEMP_DT,SEX_T,ECO_AGGREGATE_TOTAL,2010,100,,,,,,,,,,,,,,,,,DT,PT,0,,1,BA,EMP_TEMP_SEX_ECO_DT
ILO:DF_YI_YEM_EMP_TEMP_SEX_ECO_DT(1.0),YI,YEM,A,13360,EMP_TEMP_DT,SEX_T,ECO_SECTOR_AGR,2014,29.22,,,,,,,3513,,,,,,,,,,DT,PT,0,,1,BA,EMP_TEMP_SEX_ECO_DT
ILO:DF_YI_YEM_EMP_TEMP_SEX_ECO_DT(1.0),YI,YEM,A,13360,EMP_TEMP_DT,SEX_T,ECO_SECTOR_AGR,1999,54.09,,,,,,,,,,,,,,,,,DT,PT,0,,1,BA,EMP_TEMP_SEX_ECO_DT
ILO:DF_YI_YEM_EMP_TEMP_SEX_ECO_DT(1.0),YI,YEM,A,13360,EMP_TEMP_DT,SEX_T,ECO_SECTOR_AGR,2010,24.06,,,,,,,,,,,,,,,,,DT,PT,0,,1,BA,EMP_TEMP_SEX_ECO_DT
ILO:DF_YI_YEM_EMP_TEMP_SEX_ECO_DT(1.0),YI,YEM,A,13360,EMP_TEMP_DT,SEX_T,ECO_SECTOR_NAG,2014,70.78,,,,,,,3513,,,,,,,,,,DT,PT,0,,1,BA,EMP_TEMP_SEX_ECO_DT
ILO:DF_YI_YEM_EMP_TEMP_SEX_ECO_DT(1.0),YI,YEM,A,13360,EMP_TEMP_DT,SEX_T,ECO_SECTOR_NAG,1999,45.91,,,,,,,,,,,,,,,,,DT,PT,0,,1,BA,EMP_TEMP_SEX_ECO_DT
ILO:DF_YI_YEM_EMP_TEMP_SEX_ECO_DT(1.0),YI,YEM,A,13360,EMP_TEMP_DT,SEX_T,ECO_SECTOR_NAG,2010,75.94,,,,,,,,,,,,,,,,,DT,PT,0,,1,BA,EMP_TEMP_SEX_ECO_DT
ILO:DF_YI_YEM_EMP_TEMP_SEX_ECO_DT(1.0),YI,YEM,A,13360,EMP_TEMP_DT,SEX_M,ECO_SECTOR_AGR,2014,27.56,,,,,,,3513,,,,,,,,,,DT,PT,0,,1,BA,EMP_TEMP_SEX_ECO_DT
ILO:DF_YI_YEM_EMP_TEMP_SEX_ECO_DT(1.0),YI,YEM,A,13360,EMP_TEMP_DT,SEX_M,ECO_SECTOR_AGR,1999,43.12,,,,,,,,,,,,,,,,,DT,PT,0,,1,BA,EMP_TEMP_SEX_ECO_DT
ILO:DF_YI_YEM_EMP_TEMP_SEX_ECO_DT(1.0),YI,YEM,A,13360,EMP_TEMP_DT,SEX_M,ECO_SECTOR_AGR,2010,23.76,,,,,,,,,,,,,,,,,DT,PT,0,,1,BA,EMP_TEMP_SEX_ECO_DT
ILO:DF_YI_YEM_EMP_TEMP_SEX_ECO_DT(1.0),YI,YEM,A,585,EMP_TEMP_DT,SEX_T,ECO_AGGREGATE_MEL,1991,0.93,,,,,,,,,,,,,,,,,DT,PT,0,,1,EA,EMP_TEMP_SEX_ECO_DT
ILO:DF_YI_YEM_EMP_TEMP_SEX_ECO_DT(1.0),YI,YEM,A,585,EMP_TEMP_DT,SEX_T,ECO_AGGREGATE_MEL,1998,1.22,,,,,,,,,,,,,,,,,DT,PT,0,,1,EA,EMP_TEMP_SEX_ECO_DT
ILO:DF_YI_YEM_EMP_TEMP_SEX_ECO_DT(1.0),YI,YEM,A,585,EMP_TEMP_DT,SEX_M,ECO_AGGREGATE_AGR,1991,43.47,,,,,,,,,,,,,,,,,DT,PT,0,,1,EA,EMP_TEMP_SEX_ECO_DT
ILO:DF_YI_YEM_EMP_TEMP_SEX_ECO_DT(1.0),YI,YEM,A,585,EMP_TEMP_DT,SEX_M,ECO_AGGREGATE_AGR,1998,46.60,,,,,,,,,,,,,,,,,DT,PT,0,,1,EA,EMP_TEMP_SEX_ECO_DT
ILO:DF_YI_YEM_EMP_TEMP_SEX_ECO_DT(1.0),YI,YEM,A,585,EMP_TEMP_DT,SEX_M,ECO_ISIC2_1,1991,43.47,,,,,,,,,,,,,,,,,DT,PT,0,,1,EA,EMP_TEMP_SEX_ECO_DT
ILO:DF_YI_YEM_EMP_TEMP_SEX_ECO_DT(1.0),YI,YEM,A,585,EMP_TEMP_DT,SEX_T,ECO_ISIC2_9,1991,17.25,,,,,,,,,,,,,,,,,DT,PT,0,,1,EA,EMP_TEMP_SEX_ECO_DT
ILO:DF_YI_YEM_EMP_TEMP_SEX_ECO_DT(1.0),YI,YEM,A,585,EMP_TEMP_DT,SEX_T,ECO_SECTOR_SER,1991,32.09,,,,,,,,,,,,,,,,,DT,PT,0,,1,EA,EMP_TEMP_SEX_ECO_DT
ILO:DF_YI_YEM_EMP_TEMP_SEX_ECO_DT(1.0),YI,YEM,A,585,EMP_TEMP_DT,SEX_T,ECO_SECTOR_SER,1998,31.97,,,,,,,,,,,,,,,,,DT,PT,0,,1,EA,EMP_TEMP_SEX_ECO_DT
ILO:DF_YI_YEM_EMP_TEMP_SEX_ECO_DT(1.0),YI,YEM,A,585,EMP_TEMP_DT,SEX_T,ECO_SECTOR_TOTAL,1991,100,,,,,,,,,,,,,,,,,DT,PT,0,,1,EA,EMP_TEMP_SEX_ECO_DT
ILO:DF_YI_YEM_EMP_TEMP_SEX_ECO_DT(1.0),YI,YEM,A,585,EMP_TEMP_DT,SEX_T,ECO_SECTOR_TOTAL,1998,100,,,,,,,,,,,,,,,,,DT,PT,0,,1,EA,EMP_TEMP_SEX_ECO_DT
ILO:DF_YI_YEM_EMP_TEMP_SEX_ECO_DT(1.0),YI,YEM,A,585,EMP_TEMP_DT,SEX_M,ECO_SECTOR_TOTAL,1991,100,,,,,,,,,,,,,,,,,DT,PT,0,,1,EA,EMP_TEMP_SEX_ECO_DT
ILO:DF_YI_YEM_EMP_TEMP_SEX_ECO_DT(1.0),YI,YEM,A,585,EMP_TEMP_DT,SEX_M,ECO_SECTOR_TOTAL,1998,100,,,,,,,,,,,,,,,,,DT,PT,0,,1,EA,EMP_TEMP_SEX_ECO_DT
ILO:DF_YI_YEM_EMP_TEMP_SEX_ECO_DT(1.0),YI,YEM,A,585,EMP_TEMP_DT,SEX_M,ECO_SECTOR_NAG,1991,56.53,,,,,,,,,,,,,,,,,DT,PT,0,,1,EA,EMP_TEMP_SEX_ECO_DT
ILO:DF_YI_YEM_EMP_TEMP_SEX_ECO_DT(1.0),YI,YEM,A,585,EMP_TEMP_DT,SEX_M,ECO_SECTOR_NAG,1998,53.40,,,,,,,,,,,,,,,,,DT,PT,0,,1,EA,EMP_TEMP_SEX_ECO_DT
ILO:DF_YI_YEM_EMP_TEMP_SEX_ECO_DT(1.0),YI,YEM,A,1801,EMP_TEMP_DT,SEX_F,ECO_AGGREGATE_CON,1994,0.14,,,,,,,,,,,,,,,,,DT,PT,0,,1,AA,EMP_TEMP_SEX_ECO_DT
ILO:DF_YI_YEM_EMP_TEMP_SEX_ECO_DT(1.0),YI,YEM,A,1801,EMP_TEMP_DT,SEX_F,ECO_AGGREGATE_CON,2004,0.64,,,,,,,,,,,,,,,,,DT,PT,0,,1,AA,EMP_TEMP_SEX_ECO_DT
ILO:DF_YI_YEM_EMP_TEMP_SEX_ECO_DT(1.0),YI,YEM,A,1801,EMP_TEMP_DT,SEX_F,ECO_SECTOR_AGR,1994,86.88,,,,,,,,,,,,,,,,,DT,PT,0,,1,AA,EMP_TEMP_SEX_ECO_DT
ILO:DF_YI_YEM_EMP_TEMP_SEX_ECO_DT(1.0),YI,YEM,A,1801,EMP_TEMP_DT,SEX_F,ECO_SECTOR_AGR,2004,41.80,,,,,,,,,,,,,,,,,DT,PT,0,,1,AA,EMP_TEMP_SEX_ECO_DT
ILO:DF_YI_YEM_EMP_TEMP_SEX_ECO_DT(1.0),YI,YEM,A,1801,EMP_TEMP_DT,SEX_T,ECO_SECTOR_SER,1994,33.65,,,,,,,,,,,,,,,,,DT,PT,0,,1,AA,EMP_TEMP_SEX_ECO_DT
ILO:DF_YI_YEM_EMP_TEMP_SEX_ECO_DT(1.0),YI,YEM,A,1801,EMP_TEMP_DT,SEX_T,ECO_SECTOR_SER,2004,52.71,,,,,,,,,,,,,,,,,DT,PT,0,,1,AA,EMP_TEMP_SEX_ECO_DT
ILO:DF_YI_YEM_EMP_TEMP_SEX_ECO_DT(1.0),YI,YEM,A,1801,EMP_TEMP_DT,SEX_T,ECO_SECTOR_NAG,1994,46.41,,,,,,,,,,,,,,,,,DT,PT,0,,1,AA,EMP_TEMP_SEX_ECO_DT
ILO:DF_YI_YEM_EMP_TEMP_SEX_ECO_DT(1.0),YI,YEM,A,1801,EMP_TEMP_DT,SEX_T,ECO_SECTOR_NAG,2004,68.97,,,,,,,,,,,,,,,,,DT,PT,0,,1,AA,EMP_TEMP_SEX_ECO_DT
ILO:DF_YI_YEM_EMP_TEMP_SEX_ECO_DT(1.0),YI,YEM,A,1801,EMP_TEMP_DT,SEX_T,ECO_ISIC3_M,1994,4.22,,,,,,,,,,,,,,,,,DT,PT,0,,1,AA,EMP_TEMP_SEX_ECO_DT
ILO:DF_YI_YEM_EMP_TEMP_SEX_ECO_DT(1.0),YI,YEM,A,1801,EMP_TEMP_DT,SEX_T,ECO_ISIC3_M,2004,8.07,,,,,,,,,,,,,,,,,DT,PT,0,,1,AA,EMP_TEMP_SEX_ECO_DT
ILO:DF_YI_YEM_EMP_TEMP_SEX_ECO_DT(1.0),YI,YEM,A,1801,EMP_TEMP_DT,SEX_M,ECO_ISIC3_H,1994,1.49,,,,,,,,,,,,,,,,,DT,PT,0,,1,AA,EMP_TEMP_SEX_ECO_DT
ILO:DF_YI_YEM_EMP_TEMP_SEX_ECO_DT(1.0),YI,YEM,A,1801,EMP_TEMP_DT,SEX_M,ECO_ISIC3_H,2004,2.40,,,,,,,,,,,,,,,,,DT,PT,0,,1,AA,EMP_TEMP_SEX_ECO_DT
ILO:DF_YI_YEM_EMP_TEMP_SEX_ECO_DT(1.0),YI,YEM,A,1801,EMP_TEMP_DT,SEX_M,ECO_ISIC3_J,1994,0.20,,,,,,,,,,,,,,,,,DT,PT,0,,1,AA,EMP_TEMP_SEX_ECO_DT
ILO:DF_YI_YEM_EMP_TEMP_SEX_ECO_DT(1.0),YI,YEM,A,1801,EMP_TEMP_DT,SEX_M,ECO_ISIC3_J,2004,0.31,,,,,,,,,,,,,,,,,DT,PT,0,,1,AA,EMP_TEMP_SEX_ECO_DT
ILO:DF_YI_YEM_EMP_TEMP_SEX_ECO_DT(1.0),YI,YEM,A,585,EMP_TEMP_DT,SEX_F,ECO_SECTOR_TOTAL,1998,100,,,,,,,,,,,,,,,,,DT,PT,0,,1,EA,EMP_TEMP_SEX_ECO_DT
ILO:DF_YI_YEM_EMP_TEMP_SEX_ECO_DT(1.0),YI,YEM,A,585,EMP_TEMP_DT,SEX_F,ECO_SECTOR_TOTAL,1991,100,,,,,,,,,,,,,,,,,DT,PT,0,,1,EA,EMP_TEMP_SEX_ECO_DT
ILO:DF_YI_YEM_EMP_TEMP_SEX_ECO_DT(1.0),YI,YEM,A,585,EMP_TEMP_DT,SEX_F,ECO_AGGREGATE_MKT,1998,2.39,,,,,,,,,,,,,,,,,DT,PT,0,,1,EA,EMP_TEMP_SEX_ECO_DT
ILO:DF_YI_YEM_EMP_TEMP_SEX_ECO_DT(1.0),YI,YEM,A,585,EMP_TEMP_DT,SEX_F,ECO_AGGREGATE_MKT,1991,1.73,,,,,,,,,,,,,,,,,DT,PT,0,,1,EA,EMP_TEMP_SEX_ECO_DT
ILO:DF_YI_YEM_EMP_TEMP_SEX_ECO_DT(1.0),YI,YEM,A,585,EMP_TEMP_DT,SEX_T,ECO_AGGREGATE_CON,1998,4.95,,,,,,,,,,,,,,,,,DT,PT,0,,1,EA,EMP_TEMP_SEX_ECO_DT
ILO:DF_YI_YEM_EMP_TEMP_SEX_ECO_DT(1.0),YI,YEM,A,585,EMP_TEMP_DT,SEX_T,ECO_AGGREGATE_CON,1991,6.57,,,,,,,,,,,,,,,,,DT,PT,0,,1,EA,EMP_TEMP_SEX_ECO_DT
ILO:DF_YI_YEM_EMP_TEMP_SEX_ECO_DT(1.0),YI,YEM,A,585,EMP_TEMP_DT,SEX_T,ECO_AGGREGATE_PUB,1998,15.75,,,,,,,,,,,,,,,,,DT,PT,0,,1,EA,EMP_TEMP_SEX_ECO_DT
ILO:DF_YI_YEM_EMP_TEMP_SEX_ECO_DT(1.0),YI,YEM,A,585,EMP_TEMP_DT,SEX_T,ECO_AGGREGATE_PUB,1991,17.25,,,,,,,,,,,,,,,,,DT,PT,0,,1,EA,EMP_TEMP_SEX_ECO_DT
ILO:DF_YI_YEM_EMP_TEMP_SEX_ECO_DT(1.0),YI,YEM,A,585,EMP_TEMP_DT,SEX_F,ECO_ISIC3_Q,1998,0.01,,,,,,,,,,,,,,,,,DT,PT,0,,1,EA,EMP_TEMP_SEX_ECO_DT
ILO:DF_YI_YEM_EMP_TEMP_SEX_ECO_DT(1.0),YI,YEM,A,585,EMP_TEMP_DT,SEX_T,ECO_ISIC3_B,1998,0.63,,,,,,,,,,,,,,,,,DT,PT,0,,1,EA,EMP_TEMP_SEX_ECO_DT
ILO:DF_YI_YEM_EMP_TEMP_SEX_ECO_DT(1.0),YI,YEM,A,585,EMP_TEMP_DT,SEX_T,ECO_ISIC3_F,1998,4.95,,,,,,,,,,,,,,,,,DT,PT,0,,1,EA,EMP_TEMP_SEX_ECO_DT
ILO:DF_YI_YEM_EMP_TEMP_SEX_ECO_DT(1.0),YI,YEM,A,585,EMP_TEMP_DT,SEX_T,ECO_ISIC3_L,1998,9.22,,,,,,,,,,,,,,,,,DT,PT,0,,1,EA,EMP_TEMP_SEX_ECO_DT
ILO:DF_YI_YEM_EMP_TEMP_SEX_ECO_DT(1.0),YI,YEM,A,585,EMP_TEMP_DT,SEX_T,ECO_ISIC3_M,1998,4.76,,,,,,,,,,,,,,,,,DT,PT,0,,1,EA,EMP_TEMP_SEX_ECO_DT
ILO:DF_YI_YEM_EMP_TEMP_SEX_ECO_DT(1.0),YI,YEM,A,585,EMP_TEMP_DT,SEX_M,ECO_ISIC3_TOTAL,1998,100,,,,,,,,,,,,,,,,,DT,PT,0,,1,EA,EMP_TEMP_SEX_ECO_DT
ILO:DF_YI_YEM_EMP_TEMP_SEX_ECO_DT(1.0),YI,YEM,A,585,EMP_TEMP_DT,SEX_M,ECO_ISIC3_G,1998,12.94,,,,,,,,,,,,,,,,,DT,PT,0,,1,EA,EMP_TEMP_SEX_ECO_DT
ILO:DF_YI_YEM_EMP_TEMP_SEX_ECO_DT(1.0),YI,YEM,A,585,EMP_TEMP_DT,SEX_F,ECO_ISIC3_TOTAL,1998,100,,,,,,,,,,,,,,,,,DT,PT,0,,1,EA,EMP_TEMP_SEX_ECO_DT
ILO:DF_YI_YEM_EMP_TEMP_SEX_ECO_DT(1.0),YI,YEM,A,585,EMP_TEMP_DT,SEX_F,ECO_ISIC3_D,1998,3.68,,,,,,,,,,,,,,,,,DT,PT,0,,1,EA,EMP_TEMP_SEX_ECO_DT
ILO:DF_YI_YEM_EMP_TEMP_SEX_ECO_DT(1.0),YI,YEM,A,13360,EMP_TEMP_DT,SEX_T,ECO_AGGREGATE_CON,1999,6.58,,,,,,,,,,,,,,,,,DT,PT,0,,1,BA,EMP_TEMP_SEX_ECO_DT
ILO:DF_YI_YEM_EMP_TEMP_SEX_ECO_DT(1.0),YI,YEM,A,13360,EMP_TEMP_DT,SEX_T,ECO_AGGREGATE_CON,2014,8.61,,,,,,,3513,,,,,,,,,,DT,PT,0,,1,BA,EMP_TEMP_SEX_ECO_DT
ILO:DF_YI_YEM_EMP_TEMP_SEX_ECO_DT(1.0),YI,YEM,A,13360,EMP_TEMP_DT,SEX_T,ECO_AGGREGATE_CON,2010,10.71,,,,,,,,,,,,,,,,,DT,PT,0,,1,BA,EMP_TEMP_SEX_ECO_DT
ILO:DF_YI_YEM_EMP_TEMP_SEX_ECO_DT(1.0),YI,YEM,A,13360,EMP_TEMP_DT,SEX_M,ECO_AGGREGATE_MAN,1999,4.12,,,,,,,,,,,,,,,,,DT,PT,0,,1,BA,EMP_TEMP_SEX_ECO_DT
ILO:DF_YI_YEM_EMP_TEMP_SEX_ECO_DT(1.0),YI,YEM,A,13360,EMP_TEMP_DT,SEX_M,ECO_AGGREGATE_MAN,2014,5,,,,,,,3513,,,,,,,,,,DT,PT,0,,1,BA,EMP_TEMP_SEX_ECO_DT
ILO:DF_YI_YEM_EMP_TEMP_SEX_ECO_DT(1.0),YI,YEM,A,13360,EMP_TEMP_DT,SEX_M,ECO_AGGREGATE_MAN,2010,6.04,,,,,,,,,,,,,,,,,DT,PT,0,,1,BA,EMP_TEMP_SEX_ECO_DT
ILO:DF_YI_YEM_EMP_TEMP_SEX_ECO_DT(1.0),YI,YEM,A,13360,EMP_TEMP_DT,SEX_F,ECO_ISIC3_I,1999,0.17,,,,,,,,,,,,,,,,,DT,PT,0,,1,BA,EMP_TEMP_SEX_ECO_DT
ILO:DF_YI_YEM_EMP_TEMP_SEX_ECO_DT(1.0),YI,YEM,A,13360,EMP_TEMP_DT,SEX_F,ECO_ISIC3_I,2014,0.41,,,,,,,3513,,,,,,,,,U,DT,PT,0,,1,BA,EMP_TEMP_SEX_ECO_DT
ILO:DF_YI_YEM_EMP_TEMP_SEX_ECO_DT(1.0),YI,YEM,A,13360,EMP_TEMP_DT,SEX_F,ECO_ISIC3_I,2010,1.01,,,,,,,,,,,,,,,,,DT,PT,0,,1,BA,EMP_TEMP_SEX_ECO_DT
ILO:DF_YI_YEM_EMP_TEMP_SEX_ECO_DT(1.0),YI,YEM,A,13360,EMP_TEMP_DT,SEX_F,ECO_ISIC3_Q,1999,0.03,,,,,,,,,,,,,,,,,DT,PT,0,,1,BA,EMP_TEMP_SEX_ECO_DT
ILO:DF_YI_YEM_EMP_TEMP_SEX_ECO_DT(1.0),YI,YEM,A,13360,EMP_TEMP_DT,SEX_F,ECO_ISIC3_Q,2014,0.93,,,,,,,3513,,,,,,,,,U,DT,PT,0,,1,BA,EMP_TEMP_SEX_ECO_DT
ILO:DF_YI_YEM_EMP_TEMP_SEX_ECO_DT(1.0),YI,YEM,A,13360,EMP_TEMP_DT,SEX_F,ECO_ISIC3_Q,2010,0.06,,,,,,,,,,,,,,,,,DT,PT,0,,1,BA,EMP_TEMP_SEX_ECO_DT
ILO:DF_YI_YEM_EMP_TEMP_SEX_ECO_DT(1.0),YI,YEM,A,13360,EMP_TEMP_DT,SEX_T,ECO_ISIC3_G,1999,10.88,,,,,,,,,,,,,,,,,DT,PT,0,,1,BA,EMP_TEMP_SEX_ECO_DT
ILO:DF_YI_YEM_EMP_TEMP_SEX_ECO_DT(1.0),YI,YEM,A,13360,EMP_TEMP_DT,SEX_T,ECO_ISIC3_G,2010,19.53,,,,,,,,,,,,,,,,,DT,PT,0,,1,BA,EMP_TEMP_SEX_ECO_DT
ILO:DF_YI_YEM_EMP_TEMP_SEX_ECO_DT(1.0),YI,YEM,A,13360,EMP_TEMP_DT,SEX_T,ECO_ISIC3_G,2014,22.70,,,,,,,3513,,,,,,,,,,DT,PT,0,,1,BA,EMP_TEMP_SEX_ECO_DT
ILO:DF_YI_YEM_EMP_TEMP_SEX_ECO_DT(1.0),YI,YEM,A,13360,EMP_TEMP_DT,SEX_F,ECO_ISIC3_A,1999,87.78,,,,,,,,,,,,,,,,,DT,PT,0,,1,BA,EMP_TEMP_SEX_ECO_DT
ILO:DF_YI_YEM_EMP_TEMP_SEX_ECO_DT(1.0),YI,YEM,A,13360,EMP_TEMP_DT,SEX_F,ECO_ISIC3_A,2014,51.30,,,,,,,3513,,,,,,,,,,DT,PT,0,,1,BA,EMP_TEMP_SEX_ECO_DT
ILO:DF_YI_YEM_EMP_TEMP_SEX_ECO_DT(1.0),YI,YEM,A,13360,EMP_TEMP_DT,SEX_F,ECO_ISIC3_A,2010,28.03,,,,,,,,,,,,,,,,,DT,PT,0,,1,BA,EMP_TEMP_SEX_ECO_DT
ILO:DF_YI_YEM_EMP_TEMP_SEX_ECO_DT(1.0),YI,YEM,A,13360,EMP_TEMP_DT,SEX_F,ECO_SECTOR_IND,1999,2.93,,,,,,,,,,,,,,,,,DT,PT,0,,1,BA,EMP_TEMP_SEX_ECO_DT
ILO:DF_YI_YEM_EMP_TEMP_SEX_ECO_DT(1.0),YI,YEM,A,13360,EMP_TEMP_DT,SEX_F,ECO_SECTOR_IND,2010,14.53,,,,,,,,,,,,,,,,,DT,PT,0,,1,BA,EMP_TEMP_SEX_ECO_DT
ILO:DF_YI_YEM_EMP_TEMP_SEX_ECO_DT(1.0),YI,YEM,A,13360,EMP_TEMP_DT,SEX_F,ECO_SECTOR_IND,2014,12.74,,,,,,,3513,,,,,,,,,,DT,PT,0,,1,BA,EMP_TEMP_SEX_ECO_DT
ILO:DF_YI_YEM_EMP_TEMP_SEX_ECO_DT(1.0),YI,YEM,A,1801,EMP_TEMP_DT,SEX_M,ECO_ISIC3_B,2004,1.29,,,,,,,,,,,,,,,,,DT,PT,0,,1,AA,EMP_TEMP_SEX_ECO_DT
ILO:DF_YI_YEM_EMP_TEMP_SEX_ECO_DT(1.0),YI,YEM,A,1801,EMP_TEMP_DT,SEX_M,ECO_ISIC3_B,1994,0.89,,,,,,,,,,,,,,,,,DT,PT,0,,1,AA,EMP_TEMP_SEX_ECO_DT
ILO:DF_YI_YEM_EMP_TEMP_SEX_ECO_DT(1.0),YI,YEM,A,1801,EMP_TEMP_DT,SEX_M,ECO_ISIC3_F,2004,10.20,,,,,,,,,,,,,,,,,DT,PT,0,,1,AA,EMP_TEMP_SEX_ECO_DT
ILO:DF_YI_YEM_EMP_TEMP_SEX_ECO_DT(1.0),YI,YEM,A,1801,EMP_TEMP_DT,SEX_M,ECO_ISIC3_F,1994,7.91,,,,,,,,,,,,,,,,,DT,PT,0,,1,AA,EMP_TEMP_SEX_ECO_DT
ILO:DF_YI_YEM_EMP_TEMP_SEX_ECO_DT(1.0),YI,YEM,A,1801,EMP_TEMP_DT,SEX_M,ECO_ISIC3_Q,2004,0.09,,,,,,,,,,,,,,,,,DT,PT,0,,1,AA,EMP_TEMP_SEX_ECO_DT
ILO:DF_YI_YEM_EMP_TEMP_SEX_ECO_DT(1.0),YI,YEM,A,1801,EMP_TEMP_DT,SEX_M,ECO_ISIC3_Q,1994,0.04,,,,,,,,,,,,,,,,,DT,PT,0,,1,AA,EMP_TEMP_SEX_ECO_DT
ILO:DF_YI_YEM_EMP_TEMP_SEX_ECO_DT(1.0),YI,YEM,A,1801,EMP_TEMP_DT,SEX_F,ECO_ISIC3_L,2004,8.04,,,,,,,,,,,,,,,,,DT,PT,0,,1,AA,EMP_TEMP_SEX_ECO_DT
ILO:DF_YI_YEM_EMP_TEMP_SEX_ECO_DT(1.0),YI,YEM,A,1801,EMP_TEMP_DT,SEX_F,ECO_ISIC3_L,1994,2.50,,,,,,,,,,,,,,,,,DT,PT,0,,1,AA,EMP_TEMP_SEX_ECO_DT
ILO:DF_YI_YEM_EMP_TEMP_SEX_ECO_DT(1.0),YI,YEM,A,1801,EMP_TEMP_DT,SEX_T,ECO_SECTOR_AGR,2004,31.03,,,,,,,,,,,,,,,,,DT,PT,0,,1,AA,EMP_TEMP_SEX_ECO_DT
ILO:DF_YI_YEM_EMP_TEMP_SEX_ECO_DT(1.0),YI,YEM,A,1801,EMP_TEMP_DT,SEX_T,ECO_SECTOR_AGR,1994,53.59,,,,,,,,,,,,,,,,,DT,PT,0,,1,AA,EMP_TEMP_SEX_ECO_DT
ILO:DF_YI_YEM_EMP_TEMP_SEX_ECO_DT(1.0),YI,YEM,A,13360,EMP_TEMP_DT,SEX_F,ECO_AGGREGATE_PUB,2010,44,,,,,,,,,,,,,,,,,DT,PT,0,,1,BA,EMP_TEMP_SEX_ECO_DT
ILO:DF_YI_YEM_EMP_TEMP_SEX_ECO_DT(1.0),YI,YEM,A,13360,EMP_TEMP_DT,SEX_F,ECO_AGGREGATE_PUB,2014,28.56,,,,,,,3513,,,,,,,,,,DT,PT,0,,1,BA,EMP_TEMP_SEX_ECO_DT
ILO:DF_YI_YEM_EMP_TEMP_SEX_ECO_DT(1.0),YI,YEM,A,13360,EMP_TEMP_DT,SEX_F,ECO_AGGREGATE_PUB,1999,7.36,,,,,,,,,,,,,,,,,DT,PT,0,,1,BA,EMP_TEMP_SEX_ECO_DT
ILO:DF_YI_YEM_EMP_TEMP_SEX_ECO_DT(1.0),YI,YEM,A,13360,EMP_TEMP_DT,SEX_F,ECO_SECTOR_AGR,2010,28.03,,,,,,,,,,,,,,,,,DT,PT,0,,1,BA,EMP_TEMP_SEX_ECO_DT
ILO:DF_YI_YEM_EMP_TEMP_SEX_ECO_DT(1.0),YI,YEM,A,13360,EMP_TEMP_DT,SEX_F,ECO_SECTOR_AGR,2014,51.34,,,,,,,3513,,,,,,,,,,DT,PT,0,,1,BA,EMP_TEMP_SEX_ECO_DT
ILO:DF_YI_YEM_EMP_TEMP_SEX_ECO_DT(1.0),YI,YEM,A,13360,EMP_TEMP_DT,SEX_F,ECO_SECTOR_AGR,1999,87.78,,,,,,,,,,,,,,,,,DT,PT,0,,1,BA,EMP_TEMP_SEX_ECO_DT
ILO:DF_YI_YEM_EMP_TEMP_SEX_ECO_DT(1.0),YI,YEM,A,13360,EMP_TEMP_DT,SEX_M,ECO_ISIC3_L,2014,13.28,,,,,,,3513,,,,,,,,,,DT,PT,0,,1,BA,EMP_TEMP_SEX_ECO_DT
ILO:DF_YI_YEM_EMP_TEMP_SEX_ECO_DT(1.0),YI,YEM,A,13360,EMP_TEMP_DT,SEX_M,ECO_ISIC3_L,2010,15.27,,,,,,,,,,,,,,,,,DT,PT,0,,1,BA,EMP_TEMP_SEX_ECO_DT
ILO:DF_YI_YEM_EMP_TEMP_SEX_ECO_DT(1.0),YI,YEM,A,13360,EMP_TEMP_DT,SEX_M,ECO_ISIC3_L,1999,12.73,,,,,,,,,,,,,,,,,DT,PT,0,,1,BA,EMP_TEMP_SEX_ECO_DT
ILO:DF_YI_YEM_EMP_TEMP_SEX_ECO_DT(1.0),YI,YEM,A,13360,EMP_TEMP_DT,SEX_M,ECO_ISIC3_Q,2014,0.60,,,,,,,3513,,,,,,,,,,DT,PT,0,,1,BA,EMP_TEMP_SEX_ECO_DT
ILO:DF_YI_YEM_EMP_TEMP_SEX_ECO_DT(1.0),YI,YEM,A,13360,EMP_TEMP_DT,SEX_M,ECO_ISIC3_Q,1999,0.01,,,,,,,,,,,,,,,,,DT,PT,0,,1,BA,EMP_TEMP_SEX_ECO_DT
ILO:DF_YI_YEM_EMP_TEMP_SEX_ECO_DT(1.0),YI,YEM,A,13360,EMP_TEMP_DT,SEX_M,ECO_ISIC3_Q,2010,0.06,,,,,,,,,,,,,,,,,DT,PT,0,,1,BA,EMP_TEMP_SEX_ECO_DT
ILO:DF_YI_YEM_EMP_TEMP_SEX_ECO_DT(1.0),YI,YEM,A,13360,EMP_TEMP_DT,SEX_F,ECO_ISIC3_M,2014,16.17,,,,,,,3513,,,,,,,,,,DT,PT,0,,1,BA,EMP_TEMP_SEX_ECO_DT
ILO:DF_YI_YEM_EMP_TEMP_SEX_ECO_DT(1.0),YI,YEM,A,13360,EMP_TEMP_DT,SEX_F,ECO_ISIC3_M,1999,4.29,,,,,,,,,,,,,,,,,DT,PT,0,,1,BA,EMP_TEMP_SEX_ECO_DT
ILO:DF_YI_YEM_EMP_TEMP_SEX_ECO_DT(1.0),YI,YEM,A,13360,EMP_TEMP_DT,SEX_F,ECO_ISIC3_M,2010,23,,,,,,,,,,,,,,,,,DT,PT,0,,1,BA,EMP_TEMP_SEX_ECO_DT
ILO:DF_YI_YEM_EMP_TEMP_SEX_ECO_DT(1.0),YI,YEM,A,13360,EMP_TEMP_DT,SEX_T,ECO_ISIC3_E,2014,0.17,,,,,,,3513,,,,,,,,,,DT,PT,0,,1,BA,EMP_TEMP_SEX_ECO_DT
ILO:DF_YI_YEM_EMP_TEMP_SEX_ECO_DT(1.0),YI,YEM,A,13360,EMP_TEMP_DT,SEX_T,ECO_ISIC3_E,2010,0.32,,,,,,,,,,,,,,,,,DT,PT,0,,1,BA,EMP_TEMP_SEX_ECO_DT
ILO:DF_YI_YEM_EMP_TEMP_SEX_ECO_DT(1.0),YI,YEM,A,13360,EMP_TEMP_DT,SEX_T,ECO_ISIC3_E,1999,0.32,,,,,,,,,,,,,,,,,DT,PT,0,,1,BA,EMP_TEMP_SEX_ECO_DT
ILO:DF_YI_YEM_EMP_TEMP_SEX_ECO_DT(1.0),YI,YEM,A,13360,EMP_TEMP_DT,SEX_T,ECO_ISIC3_N,2014,1.25,,,,,,,3513,,,,,,,,,,DT,PT,0,,1,BA,EMP_TEMP_SEX_ECO_DT
ILO:DF_YI_YEM_EMP_TEMP_SEX_ECO_DT(1.0),YI,YEM,A,13360,EMP_TEMP_DT,SEX_T,ECO_ISIC3_N,2010,1.58,,,,,,,,,,,,,,,,,DT,PT,0,,1,BA,EMP_TEMP_SEX_ECO_DT
ILO:DF_YI_YEM_EMP_TEMP_SEX_ECO_DT(1.0),YI,YEM,A,13360,EMP_TEMP_DT,SEX_T,ECO_ISIC3_N,1999,1.17,,,,,,,,,,,,,,,,,DT,PT,0,,1,BA,EMP_TEMP_SEX_ECO_DT
ILO:DF_YI_YEM_EMP_TEMP_SEX_ECO_DT(1.0),YI,YEM,A,13360,EMP_TEMP_DT,SEX_M,ECO_ISIC3_E,2014,0.18,,,,,,,3513,,,,,,,,,,DT,PT,0,,1,BA,EMP_TEMP_SEX_ECO_DT
ILO:DF_YI_YEM_EMP_TEMP_SEX_ECO_DT(1.0),YI,YEM,A,13360,EMP_TEMP_DT,SEX_M,ECO_ISIC3_E,1999,0.40,,,,,,,,,,,,,,,,,DT,PT,0,,1,BA,EMP_TEMP_SEX_ECO_DT
ILO:DF_YI_YEM_EMP_TEMP_SEX_ECO_DT(1.0),YI,YEM,A,13360,EMP_TEMP_DT,SEX_M,ECO_ISIC3_E,2010,0.34,,,,,,,,,,,,,,,,,DT,PT,0,,1,BA,EMP_TEMP_SEX_ECO_DT
ILO:DF_YI_YEM_EMP_TEMP_SEX_ECO_DT(1.0),YI,YEM,A,13360,EMP_TEMP_DT,SEX_M,ECO_ISIC3_H,2014,2.32,,,,,,,3513,,,,,,,,,,DT,PT,0,,1,BA,EMP_TEMP_SEX_ECO_DT
ILO:DF_YI_YEM_EMP_TEMP_SEX_ECO_DT(1.0),YI,YEM,A,13360,EMP_TEMP_DT,SEX_M,ECO_ISIC3_H,2010,2.74,,,,,,,,,,,,,,,,,DT,PT,0,,1,BA,EMP_TEMP_SEX_ECO_DT
ILO:DF_YI_YEM_EMP_TEMP_SEX_ECO_DT(1.0),YI,YEM,A,13360,EMP_TEMP_DT,SEX_M,ECO_ISIC3_H,1999,1.54,,,,,,,,,,,,,,,,,DT,PT,0,,1,BA,EMP_TEMP_SEX_ECO_DT
ILO:DF_YI_YEM_EMP_TEMP_SEX_ECO_DT(1.0),YI,YEM,A,13360,EMP_TEMP_DT,SEX_M,ECO_SECTOR_NAG,2014,72.44,,,,,,,3513,,,,,,,,,,DT,PT,0,,1,BA,EMP_TEMP_SEX_ECO_DT
ILO:DF_YI_YEM_EMP_TEMP_SEX_ECO_DT(1.0),YI,YEM,A,13360,EMP_TEMP_DT,SEX_M,ECO_SECTOR_NAG,2010,76.24,,,,,,,,,,,,,,,,,DT,PT,0,,1,BA,EMP_TEMP_SEX_ECO_DT
ILO:DF_YI_YEM_EMP_TEMP_SEX_ECO_DT(1.0),YI,YEM,A,13360,EMP_TEMP_DT,SEX_M,ECO_SECTOR_NAG,1999,56.88,,,,,,,,,,,,,,,,,DT,PT,0,,1,BA,EMP_TEMP_SEX_ECO_DT
ILO:DF_YI_YEM_EMP_TEMP_SEX_ECO_DT(1.0),YI,YEM,A,585,EMP_TEMP_DT,SEX_M,ECO_AGGREGATE_MKT,1991,18.76,,,,,,,,,,,,,,,,,DT,PT,0,,1,EA,EMP_TEMP_SEX_ECO_DT
ILO:DF_YI_YEM_EMP_TEMP_SEX_ECO_DT(1.0),YI,YEM,A,585,EMP_TEMP_DT,SEX_M,ECO_AGGREGATE_MKT,1998,20.78,,,,,,,,,,,,,,,,,DT,PT,0,,1,EA,EMP_TEMP_SEX_ECO_DT
ILO:DF_YI_YEM_EMP_TEMP_SEX_ECO_DT(1.0),YI,YEM,A,585,EMP_TEMP_DT,SEX_T,ECO_ISIC2_3,1991,3.79,,,,,,,,,,,,,,,,,DT,PT,0,,1,EA,EMP_TEMP_SEX_ECO_DT
ILO:DF_YI_YEM_EMP_TEMP_SEX_ECO_DT(1.0),YI,YEM,A,585,EMP_TEMP_DT,SEX_T,ECO_ISIC2_7,1991,4.80,,,,,,,,,,,,,,,,,DT,PT,0,,1,EA,EMP_TEMP_SEX_ECO_DT
ILO:DF_YI_YEM_EMP_TEMP_SEX_ECO_DT(1.0),YI,YEM,A,585,EMP_TEMP_DT,SEX_T,ECO_ISIC2_8,1991,0.52,,,,,,,,,,,,,,,,,DT,PT,0,,1,EA,EMP_TEMP_SEX_ECO_DT
ILO:DF_YI_YEM_EMP_TEMP_SEX_ECO_DT(1.0),YI,YEM,A,585,EMP_TEMP_DT,SEX_M,ECO_ISIC2_8,1991,0.59,,,,,,,,,,,,,,,,,DT,PT,0,,1,EA,EMP_TEMP_SEX_ECO_DT
ILO:DF_YI_YEM_EMP_TEMP_SEX_ECO_DT(1.0),YI,YEM,A,585,EMP_TEMP_DT,SEX_F,ECO_ISIC2_6,1991,0.94,,,,,,,,,,,,,,,,,DT,PT,0,,1,EA,EMP_TEMP_SEX_ECO_DT
ILO:DF_YI_YEM_EMP_TEMP_SEX_ECO_DT(1.0),YI,YEM,A,585,EMP_TEMP_DT,SEX_F,ECO_ISIC2_9,1991,11.64,,,,,,,,,,,,,,,,,DT,PT,0,,1,EA,EMP_TEMP_SEX_ECO_DT
ILO:DF_YI_YEM_EMP_TEMP_SEX_ECO_DT(1.0),YI,YEM,A,585,EMP_TEMP_DT,SEX_T,ECO_SECTOR_X,1991,4.01,,,,,,,,,,,,,,,,,DT,PT,0,,1,EA,EMP_TEMP_SEX_ECO_DT
ILO:DF_YI_YEM_EMP_TEMP_SEX_ECO_DT(1.0),YI,YEM,A,585,EMP_TEMP_DT,SEX_T,ECO_SECTOR_X,1998,0.96,,,,,,,,,,,,,,,,,DT,PT,0,,1,EA,EMP_TEMP_SEX_ECO_DT
ILO:DF_YI_YEM_EMP_TEMP_SEX_ECO_DT(1.0),YI,YEM,A,585,EMP_TEMP_DT,SEX_F,ECO_SECTOR_AGR,1991,83.14,,,,,,,,,,,,,,,,,DT,PT,0,,1,EA,EMP_TEMP_SEX_ECO_DT
ILO:DF_YI_YEM_EMP_TEMP_SEX_ECO_DT(1.0),YI,YEM,A,585,EMP_TEMP_DT,SEX_F,ECO_SECTOR_AGR,1998,85.83,,,,,,,,,,,,,,,,,DT,PT,0,,1,EA,EMP_TEMP_SEX_ECO_DT
ILO:DF_YI_YEM_EMP_TEMP_SEX_ECO_DT(1.0),YI,YEM,A,1801,EMP_TEMP_DT,SEX_T,ECO_AGGREGATE_AGR,1994,53.59,,,,,,,,,,,,,,,,,DT,PT,0,,1,AA,EMP_TEMP_SEX_ECO_DT
ILO:DF_YI_YEM_EMP_TEMP_SEX_ECO_DT(1.0),YI,YEM,A,1801,EMP_TEMP_DT,SEX_T,ECO_AGGREGATE_AGR,2004,31.03,,,,,,,,,,,,,,,,,DT,PT,0,,1,AA,EMP_TEMP_SEX_ECO_DT
ILO:DF_YI_YEM_EMP_TEMP_SEX_ECO_DT(1.0),YI,YEM,A,1801,EMP_TEMP_DT,SEX_M,ECO_AGGREGATE_PUB,1994,21.25,,,,,,,,,,,,,,,,,DT,PT,0,,1,AA,EMP_TEMP_SEX_ECO_DT
ILO:DF_YI_YEM_EMP_TEMP_SEX_ECO_DT(1.0),YI,YEM,A,1801,EMP_TEMP_DT,SEX_M,ECO_AGGREGATE_PUB,2004,23.40,,,,,,,,,,,,,,,,,DT,PT,0,,1,AA,EMP_TEMP_SEX_ECO_DT
ILO:DF_YI_YEM_EMP_TEMP_SEX_ECO_DT(1.0),YI,YEM,A,1801,EMP_TEMP_DT,SEX_F,ECO_AGGREGATE_TOTAL,1994,100,,,,,,,,,,,,,,,,,DT,PT,0,,1,AA,EMP_TEMP_SEX_ECO_DT
ILO:DF_YI_YEM_EMP_TEMP_SEX_ECO_DT(1.0),YI,YEM,A,1801,EMP_TEMP_DT,SEX_F,ECO_AGGREGATE_TOTAL,2004,100,,,,,,,,,,,,,,,,,DT,PT,0,,1,AA,EMP_TEMP_SEX_ECO_DT
ILO:DF_YI_YEM_EMP_TEMP_SEX_ECO_DT(1.0),YI,YEM,A,1801,EMP_TEMP_DT,SEX_F,ECO_AGGREGATE_MEL,1994,0.16,,,,,,,,,,,,,,,,,DT,PT,0,,1,AA,EMP_TEMP_SEX_ECO_DT
ILO:DF_YI_YEM_EMP_TEMP_SEX_ECO_DT(1.0),YI,YEM,A,1801,EMP_TEMP_DT,SEX_F,ECO_AGGREGATE_MEL,2004,0.64,,,,,,,,,,,,,,,,,DT,PT,0,,1,AA,EMP_TEMP_SEX_ECO_DT
ILO:DF_YI_YEM_EMP_TEMP_SEX_ECO_DT(1.0),YI,YEM,A,1801,EMP_TEMP_DT,SEX_F,ECO_SECTOR_IND,1994,2.94,,,,,,,,,,,,,,,,,DT,PT,0,,1,AA,EMP_TEMP_SEX_ECO_DT
ILO:DF_YI_YEM_EMP_TEMP_SEX_ECO_DT(1.0),YI,YEM,A,1801,EMP_TEMP_DT,SEX_F,ECO_SECTOR_IND,2004,9.32,,,,,,,,,,,,,,,,,DT,PT,0,,1,AA,EMP_TEMP_SEX_ECO_DT
ILO:DF_YI_YEM_EMP_TEMP_SEX_ECO_DT(1.0),YI,YEM,A,1801,EMP_TEMP_DT,SEX_M,ECO_ISIC3_TOTAL,1994,100,,,,,,,,,,,,,,,,,DT,PT,0,,1,AA,EMP_TEMP_SEX_ECO_DT
ILO:DF_YI_YEM_EMP_TEMP_SEX_ECO_DT(1.0),YI,YEM,A,1801,EMP_TEMP_DT,SEX_M,ECO_ISIC3_TOTAL,2004,100,,,,,,,,,,,,,,,,,DT,PT,0,,1,AA,EMP_TEMP_SEX_ECO_DT
ILO:DF_YI_YEM_EMP_TEMP_SEX_ECO_DT(1.0),YI,YEM,A,1801,EMP_TEMP_DT,SEX_M,ECO_ISIC3_X,1994,2.24,,,,,,,,,,,,,,,,,DT,PT,0,,1,AA,EMP_TEMP_SEX_ECO_DT
ILO:DF_YI_YEM_EMP_TEMP_SEX_ECO_DT(1.0),YI,YEM,A,1801,EMP_TEMP_DT,SEX_F,ECO_ISIC3_F,1994,0.14,,,,,,,,,,,,,,,,,DT,PT,0,,1,AA,EMP_TEMP_SEX_ECO_DT
ILO:DF_YI_YEM_EMP_TEMP_SEX_ECO_DT(1.0),YI,YEM,A,1801,EMP_TEMP_DT,SEX_F,ECO_ISIC3_F,2004,0.64,,,,,,,,,,,,,,,,,DT,PT,0,,1,AA,EMP_TEMP_SEX_ECO_DT
ILO:DF_YI_YEM_EMP_TEMP_SEX_ECO_DT(1.0),YI,YEM,A,1801,EMP_TEMP_DT,SEX_F,ECO_ISIC3_G,1994,1.09,,,,,,,,,,,,,,,,,DT,PT,0,,1,AA,EMP_TEMP_SEX_ECO_DT
ILO:DF_YI_YEM_EMP_TEMP_SEX_ECO_DT(1.0),YI,YEM,A,1801,EMP_TEMP_DT,SEX_F,ECO_ISIC3_G,2004,5.79,,,,,,,,,,,,,,,,,DT,PT,0,,1,AA,EMP_TEMP_SEX_ECO_DT
ILO:DF_YI_YEM_EMP_TEMP_SEX_ECO_DT(1.0),YI,YEM,A,585,EMP_TEMP_DT,SEX_F,ECO_AGGREGATE_TOTAL,1998,100,,,,,,,,,,,,,,,,,DT,PT,0,,1,EA,EMP_TEMP_SEX_ECO_DT
ILO:DF_YI_YEM_EMP_TEMP_SEX_ECO_DT(1.0),YI,YEM,A,585,EMP_TEMP_DT,SEX_F,ECO_AGGREGATE_TOTAL,1991,100,,,,,,,,,,,,,,,,,DT,PT,0,,1,EA,EMP_TEMP_SEX_ECO_DT
ILO:DF_YI_YEM_EMP_TEMP_SEX_ECO_DT(1.0),YI,YEM,A,585,EMP_TEMP_DT,SEX_F,ECO_AGGREGATE_X,1998,1,,,,,,,,,,,,,,,,,DT,PT,0,,1,EA,EMP_TEMP_SEX_ECO_DT
ILO:DF_YI_YEM_EMP_TEMP_SEX_ECO_DT(1.0),YI,YEM,A,585,EMP_TEMP_DT,SEX_F,ECO_AGGREGATE_X,1991,1.26,,,,,,,,,,,,,,,,,DT,PT,0,,1,EA,EMP_TEMP_SEX_ECO_DT
ILO:DF_YI_YEM_EMP_TEMP_SEX_ECO_DT(1.0),YI,YEM,A,585,EMP_TEMP_DT,SEX_M,ECO_AGGREGATE_MAN,1998,4.86,,,,,,,,,,,,,,,,,DT,PT,0,,1,EA,EMP_TEMP_SEX_ECO_DT
ILO:DF_YI_YEM_EMP_TEMP_SEX_ECO_DT(1.0),YI,YEM,A,585,EMP_TEMP_DT,SEX_M,ECO_AGGREGATE_MAN,1991,4.42,,,,,,,,,,,,,,,,,DT,PT,0,,1,EA,EMP_TEMP_SEX_ECO_DT
ILO:DF_YI_YEM_EMP_TEMP_SEX_ECO_DT(1.0),YI,YEM,A,585,EMP_TEMP_DT,SEX_F,ECO_ISIC3_N,1998,0.96,,,,,,,,,,,,,,,,,DT,PT,0,,1,EA,EMP_TEMP_SEX_ECO_DT
ILO:DF_YI_YEM_EMP_TEMP_SEX_ECO_DT(1.0),YI,YEM,A,585,EMP_TEMP_DT,SEX_F,ECO_ISIC3_P,1998,0.24,,,,,,,,,,,,,,,,,DT,PT,0,,1,EA,EMP_TEMP_SEX_ECO_DT
ILO:DF_YI_YEM_EMP_TEMP_SEX_ECO_DT(1.0),YI,YEM,A,585,EMP_TEMP_DT,SEX_T,ECO_ISIC3_N,1998,0.79,,,,,,,,,,,,,,,,,DT,PT,0,,1,EA,EMP_TEMP_SEX_ECO_DT
ILO:DF_YI_YEM_EMP_TEMP_SEX_ECO_DT(1.0),YI,YEM,A,585,EMP_TEMP_DT,SEX_T,ECO_ISIC3_O,1998,0.78,,,,,,,,,,,,,,,,,DT,PT,0,,1,EA,EMP_TEMP_SEX_ECO_DT
ILO:DF_YI_YEM_EMP_TEMP_SEX_ECO_DT(1.0),YI,YEM,A,585,EMP_TEMP_DT,SEX_M,ECO_ISIC3_D,1998,4.86,,,,,,,,,,,,,,,,,DT,PT,0,,1,EA,EMP_TEMP_SEX_ECO_DT
ILO:DF_YI_YEM_EMP_TEMP_SEX_ECO_DT(1.0),YI,YEM,A,585,EMP_TEMP_DT,SEX_M,ECO_ISIC3_B,1998,0.83,,,,,,,,,,,,,,,,,DT,PT,0,,1,EA,EMP_TEMP_SEX_ECO_DT
ILO:DF_YI_YEM_EMP_TEMP_SEX_ECO_DT(1.0),YI,YEM,A,585,EMP_TEMP_DT,SEX_M,ECO_ISIC3_E,1998,0.83,,,,,,,,,,,,,,,,,DT,PT,0,,1,EA,EMP_TEMP_SEX_ECO_DT
ILO:DF_YI_YEM_EMP_TEMP_SEX_ECO_DT(1.0),YI,YEM,A,585,EMP_TEMP_DT,SEX_M,ECO_ISIC3_I,1998,5.46,,,,,,,,,,,,,,,,,DT,PT,0,,1,EA,EMP_TEMP_SEX_ECO_DT
ILO:DF_YI_YEM_EMP_TEMP_SEX_ECO_DT(1.0),YI,YEM,A,585,EMP_TEMP_DT,SEX_M,ECO_ISIC3_Q,1998,0.04,,,,,,,,,,,,,,,,,DT,PT,0,,1,EA,EMP_TEMP_SEX_ECO_DT
ILO:DF_YI_YEM_EMP_TEMP_SEX_ECO_DT(1.0),YI,YEM,A,585,EMP_TEMP_DT,SEX_F,ECO_ISIC3_A,1998,85.81,,,,,,,,,,,,,,,,,DT,PT,0,,1,EA,EMP_TEMP_SEX_ECO_DT
ILO:DF_YI_YEM_EMP_TEMP_SEX_ECO_DT(1.0),YI,YEM,A,13360,EMP_TEMP_DT,SEX_T,ECO_AGGREGATE_AGR,1999,54.09,,,,,,,,,,,,,,,,,DT,PT,0,,1,BA,EMP_TEMP_SEX_ECO_DT
ILO:DF_YI_YEM_EMP_TEMP_SEX_ECO_DT(1.0),YI,YEM,A,13360,EMP_TEMP_DT,SEX_T,ECO_AGGREGATE_AGR,2010,24.06,,,,,,,,,,,,,,,,,DT,PT,0,,1,BA,EMP_TEMP_SEX_ECO_DT
ILO:DF_YI_YEM_EMP_TEMP_SEX_ECO_DT(1.0),YI,YEM,A,13360,EMP_TEMP_DT,SEX_T,ECO_AGGREGATE_AGR,2014,29.22,,,,,,,3513,,,,,,,,,,DT,PT,0,,1,BA,EMP_TEMP_SEX_ECO_DT
ILO:DF_YI_YEM_EMP_TEMP_SEX_ECO_DT(1.0),YI,YEM,A,13360,EMP_TEMP_DT,SEX_F,ECO_AGGREGATE_CON,1999,0.15,,,,,,,,,,,,,,,,,DT,PT,0,,1,BA,EMP_TEMP_SEX_ECO_DT
ILO:DF_YI_YEM_EMP_TEMP_SEX_ECO_DT(1.0),YI,YEM,A,13360,EMP_TEMP_DT,SEX_F,ECO_AGGREGATE_CON,2010,0.30,,,,,,,,,,,,,,,,,DT,PT,0,,1,BA,EMP_TEMP_SEX_ECO_DT
ILO:DF_YI_YEM_EMP_TEMP_SEX_ECO_DT(1.0),YI,YEM,A,13360,EMP_TEMP_DT,SEX_T,ECO_ISIC3_H,1999,1.18,,,,,,,,,,,,,,,,,DT,PT,0,,1,BA,EMP_TEMP_SEX_ECO_DT
ILO:DF_YI_YEM_EMP_TEMP_SEX_ECO_DT(1.0),YI,YEM,A,13360,EMP_TEMP_DT,SEX_T,ECO_ISIC3_H,2010,2.61,,,,,,,,,,,,,,,,,DT,PT,0,,1,BA,EMP_TEMP_SEX_ECO_DT
ILO:DF_YI_YEM_EMP_TEMP_SEX_ECO_DT(1.0),YI,YEM,A,13360,EMP_TEMP_DT,SEX_T,ECO_ISIC3_H,2014,2.20,,,,,,,3513,,,,,,,,,,DT,PT,0,,1,BA,EMP_TEMP_SEX_ECO_DT
ILO:DF_YI_YEM_EMP_TEMP_SEX_ECO_DT(1.0),YI,YEM,A,13360,EMP_TEMP_DT,SEX_M,ECO_ISIC3_TOTAL,1999,100,,,,,,,,,,,,,,,,,DT,PT,0,,1,BA,EMP_TEMP_SEX_ECO_DT
ILO:DF_YI_YEM_EMP_TEMP_SEX_ECO_DT(1.0),YI,YEM,A,13360,EMP_TEMP_DT,SEX_M,ECO_ISIC3_TOTAL,2010,100,,,,,,,,,,,,,,,,,DT,PT,0,,1,BA,EMP_TEMP_SEX_ECO_DT
ILO:DF_YI_YEM_EMP_TEMP_SEX_ECO_DT(1.0),YI,YEM,A,13360,EMP_TEMP_DT,SEX_M,ECO_ISIC3_TOTAL,2014,100,,,,,,,3513,,,,,,,,,,DT,PT,0,,1,BA,EMP_TEMP_SEX_ECO_DT
ILO:DF_YI_YEM_EMP_TEMP_SEX_ECO_DT(1.0),YI,YEM,A,13360,EMP_TEMP_DT,SEX_F,ECO_ISIC3_F,1999,0.15,,,,,,,,,,,,,,,,,DT,PT,0,,1,BA,EMP_TEMP_SEX_ECO_DT
ILO:DF_YI_YEM_EMP_TEMP_SEX_ECO_DT(1.0),YI,YEM,A,13360,EMP_TEMP_DT,SEX_F,ECO_ISIC3_F,2010,0.30,,,,,,,,,,,,,,,,,DT,PT,0,,1,BA,EMP_TEMP_SEX_ECO_DT
ILO:DF_YI_YEM_EMP_TEMP_SEX_ECO_DT(1.0),YI,YEM,A,13360,EMP_TEMP_DT,SEX_F,ECO_SECTOR_TOTAL,1999,100,,,,,,,,,,,,,,,,,DT,PT,0,,1,BA,EMP_TEMP_SEX_ECO_DT
ILO:DF_YI_YEM_EMP_TEMP_SEX_ECO_DT(1.0),YI,YEM,A,13360,EMP_TEMP_DT,SEX_F,ECO_SECTOR_TOTAL,2014,100,,,,,,,3513,,,,,,,,,,DT,PT,0,,1,BA,EMP_TEMP_SEX_ECO_DT
ILO:DF_YI_YEM_EMP_TEMP_SEX_ECO_DT(1.0),YI,YEM,A,13360,EMP_TEMP_DT,SEX_F,ECO_SECTOR_TOTAL,2010,100,,,,,,,,,,,,,,,,,DT,PT,0,,1,BA,EMP_TEMP_SEX_ECO_DT
ILO:DF_YI_YEM_EMP_TEMP_SEX_ECO_DT(1.0),YI,YEM,A,1801,EMP_TEMP_DT,SEX_M,ECO_AGGREGATE_MEL,2004,1.02,,,,,,,,,,,,,,,,,DT,PT,0,,1,AA,EMP_TEMP_SEX_ECO_DT
ILO:DF_YI_YEM_EMP_TEMP_SEX_ECO_DT(1.0),YI,YEM,A,1801,EMP_TEMP_DT,SEX_M,ECO_AGGREGATE_MEL,1994,0.78,,,,,,,,,,,,,,,,,DT,PT,0,,1,AA,EMP_TEMP_SEX_ECO_DT
ILO:DF_YI_YEM_EMP_TEMP_SEX_ECO_DT(1.0),YI,YEM,A,1801,EMP_TEMP_DT,SEX_T,ECO_ISIC3_I,2004,5.40,,,,,,,,,,,,,,,,,DT,PT,0,,1,AA,EMP_TEMP_SEX_ECO_DT
ILO:DF_YI_YEM_EMP_TEMP_SEX_ECO_DT(1.0),YI,YEM,A,1801,EMP_TEMP_DT,SEX_T,ECO_ISIC3_I,1994,4.36,,,,,,,,,,,,,,,,,DT,PT,0,,1,AA,EMP_TEMP_SEX_ECO_DT
ILO:DF_YI_YEM_EMP_TEMP_SEX_ECO_DT(1.0),YI,YEM,A,1801,EMP_TEMP_DT,SEX_F,ECO_ISIC3_E,2004,0.32,,,,,,,,,,,,,,,,,DT,PT,0,,1,AA,EMP_TEMP_SEX_ECO_DT
ILO:DF_YI_YEM_EMP_TEMP_SEX_ECO_DT(1.0),YI,YEM,A,1801,EMP_TEMP_DT,SEX_F,ECO_ISIC3_E,1994,0.09,,,,,,,,,,,,,,,,,DT,PT,0,,1,AA,EMP_TEMP_SEX_ECO_DT
ILO:DF_YI_YEM_EMP_TEMP_SEX_ECO_DT(1.0),YI,YEM,A,1801,EMP_TEMP_DT,SEX_M,ECO_SECTOR_TOTAL,2004,100,,,,,,,,,,,,,,,,,DT,PT,0,,1,AA,EMP_TEMP_SEX_ECO_DT
ILO:DF_YI_YEM_EMP_TEMP_SEX_ECO_DT(1.0),YI,YEM,A,1801,EMP_TEMP_DT,SEX_M,ECO_SECTOR_TOTAL,1994,100,,,,,,,,,,,,,,,,,DT,PT,0,,1,AA,EMP_TEMP_SEX_ECO_DT
ILO:DF_YI_YEM_EMP_TEMP_SEX_ECO_DT(1.0),YI,YEM,A,1801,EMP_TEMP_DT,SEX_M,ECO_SECTOR_IND,2004,16.92,,,,,,,,,,,,,,,,,DT,PT,0,,1,AA,EMP_TEMP_SEX_ECO_DT
ILO:DF_YI_YEM_EMP_TEMP_SEX_ECO_DT(1.0),YI,YEM,A,1801,EMP_TEMP_DT,SEX_M,ECO_SECTOR_IND,1994,12.87,,,,,,,,,,,,,,,,,DT,PT,0,,1,AA,EMP_TEMP_SEX_ECO_DT
ILO:DF_YI_YEM_EMP_TEMP_SEX_ECO_DT(1.0),YI,YEM,A,13360,EMP_TEMP_DT,SEX_T,ECO_ISIC3_O,2010,1.62,,,,,,,,,,,,,,,,,DT,PT,0,,1,BA,EMP_TEMP_SEX_ECO_DT
ILO:DF_YI_YEM_EMP_TEMP_SEX_ECO_DT(1.0),YI,YEM,A,13360,EMP_TEMP_DT,SEX_T,ECO_ISIC3_O,2014,1.38,,,,,,,3513,,,,,,,,,,DT,PT,0,,1,BA,EMP_TEMP_SEX_ECO_DT
ILO:DF_YI_YEM_EMP_TEMP_SEX_ECO_DT(1.0),YI,YEM,A,13360,EMP_TEMP_DT,SEX_T,ECO_ISIC3_O,1999,1.47,,,,,,,,,,,,,,,,,DT,PT,0,,1,BA,EMP_TEMP_SEX_ECO_DT
ILO:DF_YI_YEM_EMP_TEMP_SEX_ECO_DT(1.0),YI,YEM,A,13360,EMP_TEMP_DT,SEX_F,ECO_SECTOR_SER,2010,57.43,,,,,,,,,,,,,,,,,DT,PT,0,,1,BA,EMP_TEMP_SEX_ECO_DT
ILO:DF_YI_YEM_EMP_TEMP_SEX_ECO_DT(1.0),YI,YEM,A,13360,EMP_TEMP_DT,SEX_F,ECO_SECTOR_SER,1999,9.26,,,,,,,,,,,,,,,,,DT,PT,0,,1,BA,EMP_TEMP_SEX_ECO_DT
ILO:DF_YI_YEM_EMP_TEMP_SEX_ECO_DT(1.0),YI,YEM,A,13360,EMP_TEMP_DT,SEX_F,ECO_SECTOR_SER,2014,35.74,,,,,,,3513,,,,,,,,,,DT,PT,0,,1,BA,EMP_TEMP_SEX_ECO_DT
ILO:DF_YI_YEM_EMP_TEMP_SEX_ECO_DT(1.0),YI,YEM,A,13360,EMP_TEMP_DT,SEX_M,ECO_ISIC3_K,2014,0.61,,,,,,,3513,,,,,,,,,,DT,PT,0,,1,BA,EMP_TEMP_SEX_ECO_DT
ILO:DF_YI_YEM_EMP_TEMP_SEX_ECO_DT(1.0),YI,YEM,A,13360,EMP_TEMP_DT,SEX_M,ECO_ISIC3_K,1999,0.66,,,,,,,,,,,,,,,,,DT,PT,0,,1,BA,EMP_TEMP_SEX_ECO_DT
ILO:DF_YI_YEM_EMP_TEMP_SEX_ECO_DT(1.0),YI,YEM,A,13360,EMP_TEMP_DT,SEX_M,ECO_ISIC3_K,2010,1.26,,,,,,,,,,,,,,,,,DT,PT,0,,1,BA,EMP_TEMP_SEX_ECO_DT
ILO:DF_YI_YEM_EMP_TEMP_SEX_ECO_DT(1.0),YI,YEM,A,13360,EMP_TEMP_DT,SEX_M,ECO_AGGREGATE_MEL,2014,0.35,,,,,,,3513,,,,,,,,,,DT,PT,0,,1,BA,EMP_TEMP_SEX_ECO_DT
ILO:DF_YI_YEM_EMP_TEMP_SEX_ECO_DT(1.0),YI,YEM,A,13360,EMP_TEMP_DT,SEX_M,ECO_AGGREGATE_MEL,1999,1.01,,,,,,,,,,,,,,,,,DT,PT,0,,1,BA,EMP_TEMP_SEX_ECO_DT
ILO:DF_YI_YEM_EMP_TEMP_SEX_ECO_DT(1.0),YI,YEM,A,13360,EMP_TEMP_DT,SEX_M,ECO_AGGREGATE_MEL,2010,1.79,,,,,,,,,,,,,,,,,DT,PT,0,,1,BA,EMP_TEMP_SEX_ECO_DT
ILO:DF_YI_YEM_EMP_TEMP_SEX_ECO_DT(1.0),YI,YEM,A,13360,EMP_TEMP_DT,SEX_M,ECO_AGGREGATE_X,2014,0.08,,,,,,,3513,,,,,,,,,,DT,PT,0,,1,BA,EMP_TEMP_SEX_ECO_DT
ILO:DF_YI_YEM_EMP_TEMP_SEX_ECO_DT(1.0),YI,YEM,A,13360,EMP_TEMP_DT,SEX_M,ECO_AGGREGATE_X,1999,0.03,,,,,,,,,,,,,,,,,DT,PT,0,,1,BA,EMP_TEMP_SEX_ECO_DT
ILO:DF_YI_YEM_EMP_TEMP_SEX_ECO_DT(1.0),YI,YEM,A,13360,EMP_TEMP_DT,SEX_M,ECO_AGGREGATE_X,2010,0.25,,,,,,,,,,,,,,,,,DT,PT,0,,1,BA,EMP_TEMP_SEX_ECO_DT
ILO:DF_YI_YEM_EMP_TEMP_SEX_ECO_DT(1.0),YI,YEM,A,585,EMP_TEMP_DT,SEX_T,ECO_AGGREGATE_X,1991,4.01,,,,,,,,,,,,,,,,,DT,PT,0,,1,EA,EMP_TEMP_SEX_ECO_DT
ILO:DF_YI_YEM_EMP_TEMP_SEX_ECO_DT(1.0),YI,YEM,A,585,EMP_TEMP_DT,SEX_T,ECO_AGGREGATE_X,1998,0.96,,,,,,,,,,,,,,,,,DT,PT,0,,1,EA,EMP_TEMP_SEX_ECO_DT
ILO:DF_YI_YEM_EMP_TEMP_SEX_ECO_DT(1.0),YI,YEM,A,585,EMP_TEMP_DT,SEX_F,ECO_AGGREGATE_MAN,1991,1.68,,,,,,,,,,,,,,,,,DT,PT,0,,1,EA,EMP_TEMP_SEX_ECO_DT
ILO:DF_YI_YEM_EMP_TEMP_SEX_ECO_DT(1.0),YI,YEM,A,585,EMP_TEMP_DT,SEX_F,ECO_AGGREGATE_MAN,1998,3.68,,,,,,,,,,,,,,,,,DT,PT,0,,1,EA,EMP_TEMP_SEX_ECO_DT
ILO:DF_YI_YEM_EMP_TEMP_SEX_ECO_DT(1.0),YI,YEM,A,585,EMP_TEMP_DT,SEX_T,ECO_ISIC2_1,1991,52.62,,,,,,,,,,,,,,,,,DT,PT,0,,1,EA,EMP_TEMP_SEX_ECO_DT
ILO:DF_YI_YEM_EMP_TEMP_SEX_ECO_DT(1.0),YI,YEM,A,1801,EMP_TEMP_DT,SEX_F,ECO_AGGREGATE_AGR,1994,86.88,,,,,,,,,,,,,,,,,DT,PT,0,,1,AA,EMP_TEMP_SEX_ECO_DT
ILO:DF_YI_YEM_EMP_TEMP_SEX_ECO_DT(1.0),YI,YEM,A,1801,EMP_TEMP_DT,SEX_F,ECO_AGGREGATE_AGR,2004,41.80,,,,,,,,,,,,,,,,,DT,PT,0,,1,AA,EMP_TEMP_SEX_ECO_DT
ILO:DF_YI_YEM_EMP_TEMP_SEX_ECO_DT(1.0),YI,YEM,A,1801,EMP_TEMP_DT,SEX_M,ECO_SECTOR_X,1994,2.24,,,,,,,,,,,,,,,,,DT,PT,0,,1,AA,EMP_TEMP_SEX_ECO_DT
ILO:DF_YI_YEM_EMP_TEMP_SEX_ECO_DT(1.0),YI,YEM,A,1801,EMP_TEMP_DT,SEX_T,ECO_ISIC3_K,1994,0.84,,,,,,,,,,,,,,,,,DT,PT,0,,1,AA,EMP_TEMP_SEX_ECO_DT
ILO:DF_YI_YEM_EMP_TEMP_SEX_ECO_DT(1.0),YI,YEM,A,1801,EMP_TEMP_DT,SEX_T,ECO_ISIC3_K,2004,0.87,,,,,,,,,,,,,,,,,DT,PT,0,,1,AA,EMP_TEMP_SEX_ECO_DT
ILO:DF_YI_YEM_EMP_TEMP_SEX_ECO_DT(1.0),YI,YEM,A,1801,EMP_TEMP_DT,SEX_M,ECO_ISIC3_N,1994,0.60,,,,,,,,,,,,,,,,,DT,PT,0,,1,AA,EMP_TEMP_SEX_ECO_DT
ILO:DF_YI_YEM_EMP_TEMP_SEX_ECO_DT(1.0),YI,YEM,A,1801,EMP_TEMP_DT,SEX_M,ECO_ISIC3_N,2004,1.02,,,,,,,,,,,,,,,,,DT,PT,0,,1,AA,EMP_TEMP_SEX_ECO_DT
ILO:DF_YI_YEM_EMP_TEMP_SEX_ECO_DT(1.0),YI,YEM,A,1801,EMP_TEMP_DT,SEX_F,ECO_ISIC3_J,1994,0.17,,,,,,,,,,,,,,,,,DT,PT,0,,1,AA,EMP_TEMP_SEX_ECO_DT
ILO:DF_YI_YEM_EMP_TEMP_SEX_ECO_DT(1.0),YI,YEM,A,1801,EMP_TEMP_DT,SEX_F,ECO_ISIC3_J,2004,0.96,,,,,,,,,,,,,,,,,DT,PT,0,,1,AA,EMP_TEMP_SEX_ECO_DT
ILO:DF_YI_YEM_EMP_TEMP_SEX_ECO_DT(1.0),YI,YEM,A,1801,EMP_TEMP_DT,SEX_F,ECO_ISIC3_N,1994,0.97,,,,,,,,,,,,,,,,,DT,PT,0,,1,AA,EMP_TEMP_SEX_ECO_DT
ILO:DF_YI_YEM_EMP_TEMP_SEX_ECO_DT(1.0),YI,YEM,A,1801,EMP_TEMP_DT,SEX_F,ECO_ISIC3_N,2004,5.47,,,,,,,,,,,,,,,,,DT,PT,0,,1,AA,EMP_TEMP_SEX_ECO_DT
ILO:DF_YI_YEM_EMP_TEMP_SEX_ECO_DT(1.0),YI,YEM,A,585,EMP_TEMP_DT,SEX_F,ECO_AGGREGATE_CON,1998,0.06,,,,,,,,,,,,,,,,,DT,PT,0,,1,EA,EMP_TEMP_SEX_ECO_DT
ILO:DF_YI_YEM_EMP_TEMP_SEX_ECO_DT(1.0),YI,YEM,A,585,EMP_TEMP_DT,SEX_F,ECO_AGGREGATE_CON,1991,0.23,,,,,,,,,,,,,,,,,DT,PT,0,,1,EA,EMP_TEMP_SEX_ECO_DT
ILO:DF_YI_YEM_EMP_TEMP_SEX_ECO_DT(1.0),YI,YEM,A,585,EMP_TEMP_DT,SEX_M,ECO_AGGREGATE_TOTAL,1998,100,,,,,,,,,,,,,,,,,DT,PT,0,,1,EA,EMP_TEMP_SEX_ECO_DT
ILO:DF_YI_YEM_EMP_TEMP_SEX_ECO_DT(1.0),YI,YEM,A,585,EMP_TEMP_DT,SEX_M,ECO_AGGREGATE_TOTAL,1991,100,,,,,,,,,,,,,,,,,DT,PT,0,,1,EA,EMP_TEMP_SEX_ECO_DT
ILO:DF_YI_YEM_EMP_TEMP_SEX_ECO_DT(1.0),YI,YEM,A,585,EMP_TEMP_DT,SEX_F,ECO_ISIC3_K,1998,0.07,,,,,,,,,,,,,,,,,DT,PT,0,,1,EA,EMP_TEMP_SEX_ECO_DT
ILO:DF_YI_YEM_EMP_TEMP_SEX_ECO_DT(1.0),YI,YEM,A,585,EMP_TEMP_DT,SEX_F,ECO_ISIC3_L,1998,1.86,,,,,,,,,,,,,,,,,DT,PT,0,,1,EA,EMP_TEMP_SEX_ECO_DT
ILO:DF_YI_YEM_EMP_TEMP_SEX_ECO_DT(1.0),YI,YEM,A,585,EMP_TEMP_DT,SEX_T,ECO_ISIC3_TOTAL,1998,100,,,,,,,,,,,,,,,,,DT,PT,0,,1,EA,EMP_TEMP_SEX_ECO_DT
ILO:DF_YI_YEM_EMP_TEMP_SEX_ECO_DT(1.0),YI,YEM,A,585,EMP_TEMP_DT,SEX_T,ECO_ISIC3_J,1998,0.21,,,,,,,,,,,,,,,,,DT,PT,0,,1,EA,EMP_TEMP_SEX_ECO_DT
ILO:DF_YI_YEM_EMP_TEMP_SEX_ECO_DT(1.0),YI,YEM,A,585,EMP_TEMP_DT,SEX_T,ECO_ISIC3_K,1998,0.65,,,,,,,,,,,,,,,,,DT,PT,0,,1,EA,EMP_TEMP_SEX_ECO_DT
ILO:DF_YI_YEM_EMP_TEMP_SEX_ECO_DT(1.0),YI,YEM,A,585,EMP_TEMP_DT,SEX_M,ECO_ISIC3_H,1998,1.33,,,,,,,,,,,,,,,,,DT,PT,0,,1,EA,EMP_TEMP_SEX_ECO_DT
ILO:DF_YI_YEM_EMP_TEMP_SEX_ECO_DT(1.0),YI,YEM,A,585,EMP_TEMP_DT,SEX_M,ECO_ISIC3_O,1998,0.94,,,,,,,,,,,,,,,,,DT,PT,0,,1,EA,EMP_TEMP_SEX_ECO_DT
ILO:DF_YI_YEM_EMP_TEMP_SEX_ECO_DT(1.0),YI,YEM,A,585,EMP_TEMP_DT,SEX_F,ECO_ISIC3_C,1998,0.10,,,,,,,,,,,,,,,,,DT,PT,0,,1,EA,EMP_TEMP_SEX_ECO_DT
ILO:DF_YI_YEM_EMP_TEMP_SEX_ECO_DT(1.0),YI,YEM,A,13360,EMP_TEMP_DT,SEX_M,ECO_AGGREGATE_CON,1999,8.67,,,,,,,,,,,,,,,,,DT,PT,0,,1,BA,EMP_TEMP_SEX_ECO_DT
ILO:DF_YI_YEM_EMP_TEMP_SEX_ECO_DT(1.0),YI,YEM,A,13360,EMP_TEMP_DT,SEX_M,ECO_AGGREGATE_CON,2014,9.25,,,,,,,3513,,,,,,,,,,DT,PT,0,,1,BA,EMP_TEMP_SEX_ECO_DT
ILO:DF_YI_YEM_EMP_TEMP_SEX_ECO_DT(1.0),YI,YEM,A,13360,EMP_TEMP_DT,SEX_M,ECO_AGGREGATE_CON,2010,11.49,,,,,,,,,,,,,,,,,DT,PT,0,,1,BA,EMP_TEMP_SEX_ECO_DT
ILO:DF_YI_YEM_EMP_TEMP_SEX_ECO_DT(1.0),YI,YEM,A,13360,EMP_TEMP_DT,SEX_F,ECO_ISIC3_X,1999,0.04,,,,,,,,,,,,,,,,,DT,PT,0,,1,BA,EMP_TEMP_SEX_ECO_DT
ILO:DF_YI_YEM_EMP_TEMP_SEX_ECO_DT(1.0),YI,YEM,A,13360,EMP_TEMP_DT,SEX_F,ECO_ISIC3_X,2010,0.01,,,,,,,,,,,,,,,,,DT,PT,0,,1,BA,EMP_TEMP_SEX_ECO_DT
ILO:DF_YI_YEM_EMP_TEMP_SEX_ECO_DT(1.0),YI,YEM,A,13360,EMP_TEMP_DT,SEX_M,ECO_ISIC3_G,1999,13.99,,,,,,,,,,,,,,,,,DT,PT,0,,1,BA,EMP_TEMP_SEX_ECO_DT
ILO:DF_YI_YEM_EMP_TEMP_SEX_ECO_DT(1.0),YI,YEM,A,13360,EMP_TEMP_DT,SEX_M,ECO_ISIC3_G,2014,23.95,,,,,,,3513,,,,,,,,,,DT,PT,0,,1,BA,EMP_TEMP_SEX_ECO_DT
ILO:DF_YI_YEM_EMP_TEMP_SEX_ECO_DT(1.0),YI,YEM,A,13360,EMP_TEMP_DT,SEX_M,ECO_ISIC3_G,2010,20.23,,,,,,,,,,,,,,,,,DT,PT,0,,1,BA,EMP_TEMP_SEX_ECO_DT
ILO:DF_YI_YEM_EMP_TEMP_SEX_ECO_DT(1.0),YI,YEM,A,13360,EMP_TEMP_DT,SEX_F,ECO_ISIC3_E,1999,0.08,,,,,,,,,,,,,,,,,DT,PT,0,,1,BA,EMP_TEMP_SEX_ECO_DT
ILO:DF_YI_YEM_EMP_TEMP_SEX_ECO_DT(1.0),YI,YEM,A,13360,EMP_TEMP_DT,SEX_F,ECO_ISIC3_E,2010,0.04,,,,,,,,,,,,,,,,,DT,PT,0,,1,BA,EMP_TEMP_SEX_ECO_DT
ILO:DF_YI_YEM_EMP_TEMP_SEX_ECO_DT(1.0),YI,YEM,A,1801,EMP_TEMP_DT,SEX_T,ECO_AGGREGATE_TOTAL,2004,100,,,,,,,,,,,,,,,,,DT,PT,0,,1,AA,EMP_TEMP_SEX_ECO_DT
ILO:DF_YI_YEM_EMP_TEMP_SEX_ECO_DT(1.0),YI,YEM,A,1801,EMP_TEMP_DT,SEX_T,ECO_AGGREGATE_TOTAL,1994,100,,,,,,,,,,,,,,,,,DT,PT,0,,1,AA,EMP_TEMP_SEX_ECO_DT
ILO:DF_YI_YEM_EMP_TEMP_SEX_ECO_DT(1.0),YI,YEM,A,13360,EMP_TEMP_DT,SEX_F,ECO_ISIC3_TOTAL,2010,100,,,,,,,,,,,,,,,,,DT,PT,0,,1,BA,EMP_TEMP_SEX_ECO_DT
ILO:DF_YI_YEM_EMP_TEMP_SEX_ECO_DT(1.0),YI,YEM,A,13360,EMP_TEMP_DT,SEX_F,ECO_ISIC3_TOTAL,2014,100,,,,,,,3513,,,,,,,,,,DT,PT,0,,1,BA,EMP_TEMP_SEX_ECO_DT
ILO:DF_YI_YEM_EMP_TEMP_SEX_ECO_DT(1.0),YI,YEM,A,13360,EMP_TEMP_DT,SEX_F,ECO_ISIC3_TOTAL,1999,100,,,,,,,,,,,,,,,,,DT,PT,0,,1,BA,EMP_TEMP_SEX_ECO_DT
ILO:DF_YI_YEM_EMP_TEMP_SEX_ECO_DT(1.0),YI,YEM,A,13360,EMP_TEMP_DT,SEX_T,ECO_AGGREGATE_X,2010,0.23,,,,,,,,,,,,,,,,,DT,PT,0,,1,BA,EMP_TEMP_SEX_ECO_DT
ILO:DF_YI_YEM_EMP_TEMP_SEX_ECO_DT(1.0),YI,YEM,A,13360,EMP_TEMP_DT,SEX_T,ECO_AGGREGATE_X,2014,0.09,,,,,,,3513,,,,,,,,,,DT,PT,0,,1,BA,EMP_TEMP_SEX_ECO_DT
ILO:DF_YI_YEM_EMP_TEMP_SEX_ECO_DT(1.0),YI,YEM,A,13360,EMP_TEMP_DT,SEX_T,ECO_AGGREGATE_X,1999,0.03,,,,,,,,,,,,,,,,,DT,PT,0,,1,BA,EMP_TEMP_SEX_ECO_DT
ILO:DF_YI_YEM_EMP_TEMP_SEX_ECO_DT(1.0),YI,YEM,A,13360,EMP_TEMP_DT,SEX_T,ECO_AGGREGATE_MEL,2010,1.68,,,,,,,,,,,,,,,,,DT,PT,0,,1,BA,EMP_TEMP_SEX_ECO_DT
ILO:DF_YI_YEM_EMP_TEMP_SEX_ECO_DT(1.0),YI,YEM,A,13360,EMP_TEMP_DT,SEX_T,ECO_AGGREGATE_MEL,1999,0.81,,,,,,,,,,,,,,,,,DT,PT,0,,1,BA,EMP_TEMP_SEX_ECO_DT
ILO:DF_YI_YEM_EMP_TEMP_SEX_ECO_DT(1.0),YI,YEM,A,13360,EMP_TEMP_DT,SEX_T,ECO_AGGREGATE_MEL,2014,0.36,,,,,,,3513,,,,,,,,,,DT,PT,0,,1,BA,EMP_TEMP_SEX_ECO_DT
ILO:DF_YI_YEM_EMP_TEMP_SEX_ECO_DT(1.0),YI,YEM,A,13360,EMP_TEMP_DT,SEX_F,ECO_ISIC3_P,2014,0.52,,,,,,,3513,,,,,,,,,U,DT,PT,0,,1,BA,EMP_TEMP_SEX_ECO_DT
ILO:DF_YI_YEM_EMP_TEMP_SEX_ECO_DT(1.0),YI,YEM,A,13360,EMP_TEMP_DT,SEX_F,ECO_ISIC3_P,1999,0.25,,,,,,,,,,,,,,,,,DT,PT,0,,1,BA,EMP_TEMP_SEX_ECO_DT
ILO:DF_YI_YEM_EMP_TEMP_SEX_ECO_DT(1.0),YI,YEM,A,13360,EMP_TEMP_DT,SEX_F,ECO_ISIC3_P,2010,3.34,,,,,,,,,,,,,,,,,DT,PT,0,,1,BA,EMP_TEMP_SEX_ECO_DT
ILO:DF_YI_YEM_EMP_TEMP_SEX_ECO_DT(1.0),YI,YEM,A,585,EMP_TEMP_DT,SEX_F,ECO_AGGREGATE_PUB,1991,11.64,,,,,,,,,,,,,,,,,DT,PT,0,,1,EA,EMP_TEMP_SEX_ECO_DT
ILO:DF_YI_YEM_EMP_TEMP_SEX_ECO_DT(1.0),YI,YEM,A,585,EMP_TEMP_DT,SEX_F,ECO_AGGREGATE_PUB,1998,6.85,,,,,,,,,,,,,,,,,DT,PT,0,,1,EA,EMP_TEMP_SEX_ECO_DT
ILO:DF_YI_YEM_EMP_TEMP_SEX_ECO_DT(1.0),YI,YEM,A,585,EMP_TEMP_DT,SEX_T,ECO_ISIC2_TOTAL,1991,100,,,,,,,,,,,,,,,,,DT,PT,0,,1,EA,EMP_TEMP_SEX_ECO_DT
ILO:DF_YI_YEM_EMP_TEMP_SEX_ECO_DT(1.0),YI,YEM,A,585,EMP_TEMP_DT,SEX_M,ECO_ISIC2_7,1991,6.09,,,,,,,,,,,,,,,,,DT,PT,0,,1,EA,EMP_TEMP_SEX_ECO_DT
ILO:DF_YI_YEM_EMP_TEMP_SEX_ECO_DT(1.0),YI,YEM,A,585,EMP_TEMP_DT,SEX_M,ECO_ISIC2_9,1991,18.94,,,,,,,,,,,,,,,,,DT,PT,0,,1,EA,EMP_TEMP_SEX_ECO_DT
ILO:DF_YI_YEM_EMP_TEMP_SEX_ECO_DT(1.0),YI,YEM,A,585,EMP_TEMP_DT,SEX_F,ECO_ISIC2_7,1991,0.51,,,,,,,,,,,,,,,,,DT,PT,0,,1,EA,EMP_TEMP_SEX_ECO_DT
ILO:DF_YI_YEM_EMP_TEMP_SEX_ECO_DT(1.0),YI,YEM,A,585,EMP_TEMP_DT,SEX_F,ECO_ISIC2_8,1991,0.29,,,,,,,,,,,,,,,,,DT,PT,0,,1,EA,EMP_TEMP_SEX_ECO_DT
ILO:DF_YI_YEM_EMP_TEMP_SEX_ECO_DT(1.0),YI,YEM,A,585,EMP_TEMP_DT,SEX_M,ECO_SECTOR_IND,1991,14,,,,,,,,,,,,,,,,,DT,PT,0,,1,EA,EMP_TEMP_SEX_ECO_DT
ILO:DF_YI_YEM_EMP_TEMP_SEX_ECO_DT(1.0),YI,YEM,A,585,EMP_TEMP_DT,SEX_M,ECO_SECTOR_IND,1998,12.98,,,,,,,,,,,,,,,,,DT,PT,0,,1,EA,EMP_TEMP_SEX_ECO_DT
ILO:DF_YI_YEM_EMP_TEMP_SEX_ECO_DT(1.0),YI,YEM,A,585,EMP_TEMP_DT,SEX_M,ECO_SECTOR_AGR,1991,43.47,,,,,,,,,,,,,,,,,DT,PT,0,,1,EA,EMP_TEMP_SEX_ECO_DT
ILO:DF_YI_YEM_EMP_TEMP_SEX_ECO_DT(1.0),YI,YEM,A,585,EMP_TEMP_DT,SEX_M,ECO_SECTOR_AGR,1998,46.60,,,,,,,,,,,,,,,,,DT,PT,0,,1,EA,EMP_TEMP_SEX_ECO_DT
ILO:DF_YI_YEM_EMP_TEMP_SEX_ECO_DT(1.0),YI,YEM,A,1801,EMP_TEMP_DT,SEX_T,ECO_ISIC3_B,1994,0.71,,,,,,,,,,,,,,,,,DT,PT,0,,1,AA,EMP_TEMP_SEX_ECO_DT
ILO:DF_YI_YEM_EMP_TEMP_SEX_ECO_DT(1.0),YI,YEM,A,1801,EMP_TEMP_DT,SEX_T,ECO_ISIC3_B,2004,1.21,,,,,,,,,,,,,,,,,DT,PT,0,,1,AA,EMP_TEMP_SEX_ECO_DT
ILO:DF_YI_YEM_EMP_TEMP_SEX_ECO_DT(1.0),YI,YEM,A,1801,EMP_TEMP_DT,SEX_T,ECO_ISIC3_G,1994,8.62,,,,,,,,,,,,,,,,,DT,PT,0,,1,AA,EMP_TEMP_SEX_ECO_DT
ILO:DF_YI_YEM_EMP_TEMP_SEX_ECO_DT(1.0),YI,YEM,A,1801,EMP_TEMP_DT,SEX_T,ECO_ISIC3_G,2004,19.02,,,,,,,,,,,,,,,,,DT,PT,0,,1,AA,EMP_TEMP_SEX_ECO_DT
ILO:DF_YI_YEM_EMP_TEMP_SEX_ECO_DT(1.0),YI,YEM,A,1801,EMP_TEMP_DT,SEX_T,ECO_ISIC3_N,1994,0.67,,,,,,,,,,,,,,,,,DT,PT,0,,1,AA,EMP_TEMP_SEX_ECO_DT
ILO:DF_YI_YEM_EMP_TEMP_SEX_ECO_DT(1.0),YI,YEM,A,1801,EMP_TEMP_DT,SEX_T,ECO_ISIC3_N,2004,1.41,,,,,,,,,,,,,,,,,DT,PT,0,,1,AA,EMP_TEMP_SEX_ECO_DT
ILO:DF_YI_YEM_EMP_TEMP_SEX_ECO_DT(1.0),YI,YEM,A,585,EMP_TEMP_DT,SEX_T,ECO_SECTOR_IND,1998,10.73,,,,,,,,,,,,,,,,,DT,PT,0,,1,EA,EMP_TEMP_SEX_ECO_DT
ILO:DF_YI_YEM_EMP_TEMP_SEX_ECO_DT(1.0),YI,YEM,A,585,EMP_TEMP_DT,SEX_T,ECO_SECTOR_IND,1991,11.28,,,,,,,,,,,,,,,,,DT,PT,0,,1,EA,EMP_TEMP_SEX_ECO_DT
ILO:DF_YI_YEM_EMP_TEMP_SEX_ECO_DT(1.0),YI,YEM,A,585,EMP_TEMP_DT,SEX_F,ECO_AGGREGATE_AGR,1998,85.83,,,,,,,,,,,,,,,,,DT,PT,0,,1,EA,EMP_TEMP_SEX_ECO_DT
ILO:DF_YI_YEM_EMP_TEMP_SEX_ECO_DT(1.0),YI,YEM,A,585,EMP_TEMP_DT,SEX_F,ECO_AGGREGATE_AGR,1991,83.14,,,,,,,,,,,,,,,,,DT,PT,0,,1,EA,EMP_TEMP_SEX_ECO_DT
ILO:DF_YI_YEM_EMP_TEMP_SEX_ECO_DT(1.0),YI,YEM,A,585,EMP_TEMP_DT,SEX_T,ECO_ISIC3_D,1998,4.57,,,,,,,,,,,,,,,,,DT,PT,0,,1,EA,EMP_TEMP_SEX_ECO_DT
ILO:DF_YI_YEM_EMP_TEMP_SEX_ECO_DT(1.0),YI,YEM,A,585,EMP_TEMP_DT,SEX_T,ECO_ISIC3_I,1998,4.19,,,,,,,,,,,,,,,,,DT,PT,0,,1,EA,EMP_TEMP_SEX_ECO_DT
ILO:DF_YI_YEM_EMP_TEMP_SEX_ECO_DT(1.0),YI,YEM,A,585,EMP_TEMP_DT,SEX_M,ECO_ISIC3_F,1998,6.56,,,,,,,,,,,,,,,,,DT,PT,0,,1,EA,EMP_TEMP_SEX_ECO_DT
ILO:DF_YI_YEM_EMP_TEMP_SEX_ECO_DT(1.0),YI,YEM,A,585,EMP_TEMP_DT,SEX_M,ECO_ISIC3_M,1998,5.18,,,,,,,,,,,,,,,,,DT,PT,0,,1,EA,EMP_TEMP_SEX_ECO_DT
ILO:DF_YI_YEM_EMP_TEMP_SEX_ECO_DT(1.0),YI,YEM,A,585,EMP_TEMP_DT,SEX_M,ECO_ISIC3_N,1998,0.73,,,,,,,,,,,,,,,,,DT,PT,0,,1,EA,EMP_TEMP_SEX_ECO_DT
ILO:DF_YI_YEM_EMP_TEMP_SEX_ECO_DT(1.0),YI,YEM,A,585,EMP_TEMP_DT,SEX_F,ECO_ISIC3_H,1998,0.13,,,,,,,,,,,,,,,,,DT,PT,0,,1,EA,EMP_TEMP_SEX_ECO_DT
ILO:DF_YI_YEM_EMP_TEMP_SEX_ECO_DT(1.0),YI,YEM,A,13360,EMP_TEMP_DT,SEX_F,ECO_AGGREGATE_MEL,1999,0.19,,,,,,,,,,,,,,,,,DT,PT,0,,1,BA,EMP_TEMP_SEX_ECO_DT
ILO:DF_YI_YEM_EMP_TEMP_SEX_ECO_DT(1.0),YI,YEM,A,13360,EMP_TEMP_DT,SEX_F,ECO_AGGREGATE_MEL,2010,0.26,,,,,,,,,,,,,,,,,DT,PT,0,,1,BA,EMP_TEMP_SEX_ECO_DT
ILO:DF_YI_YEM_EMP_TEMP_SEX_ECO_DT(1.0),YI,YEM,A,13360,EMP_TEMP_DT,SEX_T,ECO_ISIC3_P,1999,0.16,,,,,,,,,,,,,,,,,DT,PT,0,,1,BA,EMP_TEMP_SEX_ECO_DT
ILO:DF_YI_YEM_EMP_TEMP_SEX_ECO_DT(1.0),YI,YEM,A,13360,EMP_TEMP_DT,SEX_T,ECO_ISIC3_P,2014,0.36,,,,,,,3513,,,,,,,,,,DT,PT,0,,1,BA,EMP_TEMP_SEX_ECO_DT
ILO:DF_YI_YEM_EMP_TEMP_SEX_ECO_DT(1.0),YI,YEM,A,13360,EMP_TEMP_DT,SEX_T,ECO_ISIC3_P,2010,1.09,,,,,,,,,,,,,,,,,DT,PT,0,,1,BA,EMP_TEMP_SEX_ECO_DT
ILO:DF_YI_YEM_EMP_TEMP_SEX_ECO_DT(1.0),YI,YEM,A,13360,EMP_TEMP_DT,SEX_M,ECO_ISIC3_N,1999,1.16,,,,,,,,,,,,,,,,,DT,PT,0,,1,BA,EMP_TEMP_SEX_ECO_DT
ILO:DF_YI_YEM_EMP_TEMP_SEX_ECO_DT(1.0),YI,YEM,A,13360,EMP_TEMP_DT,SEX_M,ECO_ISIC3_N,2014,1.04,,,,,,,3513,,,,,,,,,,DT,PT,0,,1,BA,EMP_TEMP_SEX_ECO_DT
ILO:DF_YI_YEM_EMP_TEMP_SEX_ECO_DT(1.0),YI,YEM,A,13360,EMP_TEMP_DT,SEX_M,ECO_ISIC3_N,2010,1.19,,,,,,,,,,,,,,,,,DT,PT,0,,1,BA,EMP_TEMP_SEX_ECO_DT
ILO:DF_YI_YEM_EMP_TEMP_SEX_ECO_DT(1.0),YI,YEM,A,13360,EMP_TEMP_DT,SEX_T,ECO_SECTOR_TOTAL,1999,100,,,,,,,,,,,,,,,,,DT,PT,0,,1,BA,EMP_TEMP_SEX_ECO_DT
ILO:DF_YI_YEM_EMP_TEMP_SEX_ECO_DT(1.0),YI,YEM,A,13360,EMP_TEMP_DT,SEX_T,ECO_SECTOR_TOTAL,2014,100,,,,,,,3513,,,,,,,,,,DT,PT,0,,1,BA,EMP_TEMP_SEX_ECO_DT
ILO:DF_YI_YEM_EMP_TEMP_SEX_ECO_DT(1.0),YI,YEM,A,13360,EMP_TEMP_DT,SEX_T,ECO_SECTOR_TOTAL,2010,100,,,,,,,,,,,,,,,,,DT,PT,0,,1,BA,EMP_TEMP_SEX_ECO_DT
ILO:DF_YI_YEM_EMP_TEMP_SEX_ECO_DT(1.0),YI,YEM,A,1801,EMP_TEMP_DT,SEX_M,ECO_AGGREGATE_MAN,2004,5.70,,,,,,,,,,,,,,,,,DT,PT,0,,1,AA,EMP_TEMP_SEX_ECO_DT
ILO:DF_YI_YEM_EMP_TEMP_SEX_ECO_DT(1.0),YI,YEM,A,1801,EMP_TEMP_DT,SEX_M,ECO_AGGREGATE_MAN,1994,4.18,,,,,,,,,,,,,,,,,DT,PT,0,,1,AA,EMP_TEMP_SEX_ECO_DT
ILO:DF_YI_YEM_EMP_TEMP_SEX_ECO_DT(1.0),YI,YEM,A,1801,EMP_TEMP_DT,SEX_M,ECO_ISIC3_O,2004,1.51,,,,,,,,,,,,,,,,,DT,PT,0,,1,AA,EMP_TEMP_SEX_ECO_DT
ILO:DF_YI_YEM_EMP_TEMP_SEX_ECO_DT(1.0),YI,YEM,A,1801,EMP_TEMP_DT,SEX_M,ECO_ISIC3_O,1994,1,,,,,,,,,,,,,,,,,DT,PT,0,,1,AA,EMP_TEMP_SEX_ECO_DT
ILO:DF_YI_YEM_EMP_TEMP_SEX_ECO_DT(1.0),YI,YEM,A,1801,EMP_TEMP_DT,SEX_M,ECO_SECTOR_NAG,2004,70.01,,,,,,,,,,,,,,,,,DT,PT,0,,1,AA,EMP_TEMP_SEX_ECO_DT
ILO:DF_YI_YEM_EMP_TEMP_SEX_ECO_DT(1.0),YI,YEM,A,1801,EMP_TEMP_DT,SEX_M,ECO_SECTOR_NAG,1994,55.02,,,,,,,,,,,,,,,,,DT,PT,0,,1,AA,EMP_TEMP_SEX_ECO_DT
ILO:DF_YI_YEM_EMP_TEMP_SEX_ECO_DT(1.0),YI,YEM,A,13360,EMP_TEMP_DT,SEX_M,ECO_SECTOR_X,2010,0.25,,,,,,,,,,,,,,,,,DT,PT,0,,1,BA,EMP_TEMP_SEX_ECO_DT
ILO:DF_YI_YEM_EMP_TEMP_SEX_ECO_DT(1.0),YI,YEM,A,13360,EMP_TEMP_DT,SEX_M,ECO_SECTOR_X,1999,0.03,,,,,,,,,,,,,,,,,DT,PT,0,,1,BA,EMP_TEMP_SEX_ECO_DT
ILO:DF_YI_YEM_EMP_TEMP_SEX_ECO_DT(1.0),YI,YEM,A,13360,EMP_TEMP_DT,SEX_M,ECO_SECTOR_X,2014,0.08,,,,,,,3513,,,,,,,,,,DT,PT,0,,1,BA,EMP_TEMP_SEX_ECO_DT
ILO:DF_YI_YEM_EMP_TEMP_SEX_ECO_DT(1.0),YI,YEM,A,13360,EMP_TEMP_DT,SEX_T,ECO_ISIC3_L,2014,12.71,,,,,,,3513,,,,,,,,,,DT,PT,0,,1,BA,EMP_TEMP_SEX_ECO_DT
ILO:DF_YI_YEM_EMP_TEMP_SEX_ECO_DT(1.0),YI,YEM,A,13360,EMP_TEMP_DT,SEX_T,ECO_ISIC3_L,1999,9.88,,,,,,,,,,,,,,,,,DT,PT,0,,1,BA,EMP_TEMP_SEX_ECO_DT
ILO:DF_YI_YEM_EMP_TEMP_SEX_ECO_DT(1.0),YI,YEM,A,13360,EMP_TEMP_DT,SEX_T,ECO_ISIC3_L,2010,14.71,,,,,,,,,,,,,,,,,DT,PT,0,,1,BA,EMP_TEMP_SEX_ECO_DT
ILO:DF_YI_YEM_EMP_TEMP_SEX_ECO_DT(1.0),YI,YEM,A,585,EMP_TEMP_DT,SEX_T,ECO_ISIC2_4,1991,0.51,,,,,,,,,,,,,,,,,DT,PT,0,,1,EA,EMP_TEMP_SEX_ECO_DT
ILO:DF_YI_YEM_EMP_TEMP_SEX_ECO_DT(1.0),YI,YEM,A,585,EMP_TEMP_DT,SEX_T,ECO_ISIC2_5,1991,6.57,,,,,,,,,,,,,,,,,DT,PT,0,,1,EA,EMP_TEMP_SEX_ECO_DT
ILO:DF_YI_YEM_EMP_TEMP_SEX_ECO_DT(1.0),YI,YEM,A,585,EMP_TEMP_DT,SEX_T,ECO_ISIC2_6,1991,9.52,,,,,,,,,,,,,,,,,DT,PT,0,,1,EA,EMP_TEMP_SEX_ECO_DT
ILO:DF_YI_YEM_EMP_TEMP_SEX_ECO_DT(1.0),YI,YEM,A,585,EMP_TEMP_DT,SEX_T,ECO_ISIC2_0,1991,4.01,,,,,,,,,,,,,,,,,DT,PT,0,,1,EA,EMP_TEMP_SEX_ECO_DT
ILO:DF_YI_YEM_EMP_TEMP_SEX_ECO_DT(1.0),YI,YEM,A,585,EMP_TEMP_DT,SEX_F,ECO_ISIC2_TOTAL,1991,100,,,,,,,,,,,,,,,,,DT,PT,0,,1,EA,EMP_TEMP_SEX_ECO_DT
ILO:DF_YI_YEM_EMP_TEMP_SEX_ECO_DT(1.0),YI,YEM,A,585,EMP_TEMP_DT,SEX_F,ECO_ISIC2_0,1991,1.26,,,,,,,,,,,,,,,,,DT,PT,0,,1,EA,EMP_TEMP_SEX_ECO_DT
ILO:DF_YI_YEM_EMP_TEMP_SEX_ECO_DT(1.0),YI,YEM,A,1801,EMP_TEMP_DT,SEX_T,ECO_AGGREGATE_PUB,1994,18.44,,,,,,,,,,,,,,,,,DT,PT,0,,1,AA,EMP_TEMP_SEX_ECO_DT
ILO:DF_YI_YEM_EMP_TEMP_SEX_ECO_DT(1.0),YI,YEM,A,1801,EMP_TEMP_DT,SEX_T,ECO_AGGREGATE_PUB,2004,24.81,,,,,,,,,,,,,,,,,DT,PT,0,,1,AA,EMP_TEMP_SEX_ECO_DT
ILO:DF_YI_YEM_EMP_TEMP_SEX_ECO_DT(1.0),YI,YEM,A,1801,EMP_TEMP_DT,SEX_T,ECO_AGGREGATE_MAN,1994,3.86,,,,,,,,,,,,,,,,,DT,PT,0,,1,AA,EMP_TEMP_SEX_ECO_DT
ILO:DF_YI_YEM_EMP_TEMP_SEX_ECO_DT(1.0),YI,YEM,A,1801,EMP_TEMP_DT,SEX_T,ECO_AGGREGATE_MAN,2004,5.91,,,,,,,,,,,,,,,,,DT,PT,0,,1,AA,EMP_TEMP_SEX_ECO_DT
ILO:DF_YI_YEM_EMP_TEMP_SEX_ECO_DT(1.0),YI,YEM,A,1801,EMP_TEMP_DT,SEX_T,ECO_ISIC3_E,1994,0.39,,,,,,,,,,,,,,,,,DT,PT,0,,1,AA,EMP_TEMP_SEX_ECO_DT
ILO:DF_YI_YEM_EMP_TEMP_SEX_ECO_DT(1.0),YI,YEM,A,1801,EMP_TEMP_DT,SEX_T,ECO_ISIC3_E,2004,0.48,,,,,,,,,,,,,,,,,DT,PT,0,,1,AA,EMP_TEMP_SEX_ECO_DT
ILO:DF_YI_YEM_EMP_TEMP_SEX_ECO_DT(1.0),YI,YEM,A,1801,EMP_TEMP_DT,SEX_F,ECO_ISIC3_O,1994,0.28,,,,,,,,,,,,,,,,,DT,PT,0,,1,AA,EMP_TEMP_SEX_ECO_DT
ILO:DF_YI_YEM_EMP_TEMP_SEX_ECO_DT(1.0),YI,YEM,A,1801,EMP_TEMP_DT,SEX_F,ECO_ISIC3_O,2004,1.29,,,,,,,,,,,,,,,,,DT,PT,0,,1,AA,EMP_TEMP_SEX_ECO_DT
ILO:DF_YI_YEM_EMP_TEMP_SEX_ECO_DT(1.0),YI,YEM,A,1801,EMP_TEMP_DT,SEX_F,ECO_ISIC3_X,1994,0.74,,,,,,,,,,,,,,,,,DT,PT,0,,1,AA,EMP_TEMP_SEX_ECO_DT
ILO:DF_YI_YEM_EMP_TEMP_SEX_ECO_DT(1.0),YI,YEM,A,585,EMP_TEMP_DT,SEX_T,ECO_SECTOR_AGR,1998,56.33,,,,,,,,,,,,,,,,,DT,PT,0,,1,EA,EMP_TEMP_SEX_ECO_DT
ILO:DF_YI_YEM_EMP_TEMP_SEX_ECO_DT(1.0),YI,YEM,A,585,EMP_TEMP_DT,SEX_T,ECO_SECTOR_AGR,1991,52.62,,,,,,,,,,,,,,,,,DT,PT,0,,1,EA,EMP_TEMP_SEX_ECO_DT
ILO:DF_YI_YEM_EMP_TEMP_SEX_ECO_DT(1.0),YI,YEM,A,585,EMP_TEMP_DT,SEX_F,ECO_ISIC3_O,1998,0.28,,,,,,,,,,,,,,,,,DT,PT,0,,1,EA,EMP_TEMP_SEX_ECO_DT
ILO:DF_YI_YEM_EMP_TEMP_SEX_ECO_DT(1.0),YI,YEM,A,585,EMP_TEMP_DT,SEX_T,ECO_ISIC3_E,1998,0.65,,,,,,,,,,,,,,,,,DT,PT,0,,1,EA,EMP_TEMP_SEX_ECO_DT
ILO:DF_YI_YEM_EMP_TEMP_SEX_ECO_DT(1.0),YI,YEM,A,585,EMP_TEMP_DT,SEX_T,ECO_ISIC3_H,1998,1.03,,,,,,,,,,,,,,,,,DT,PT,0,,1,EA,EMP_TEMP_SEX_ECO_DT
ILO:DF_YI_YEM_EMP_TEMP_SEX_ECO_DT(1.0),YI,YEM,A,585,EMP_TEMP_DT,SEX_M,ECO_ISIC3_A,1998,45.77,,,,,,,,,,,,,,,,,DT,PT,0,,1,EA,EMP_TEMP_SEX_ECO_DT
ILO:DF_YI_YEM_EMP_TEMP_SEX_ECO_DT(1.0),YI,YEM,A,585,EMP_TEMP_DT,SEX_M,ECO_ISIC3_C,1998,0.73,,,,,,,,,,,,,,,,,DT,PT,0,,1,EA,EMP_TEMP_SEX_ECO_DT
ILO:DF_YI_YEM_EMP_TEMP_SEX_ECO_DT(1.0),YI,YEM,A,585,EMP_TEMP_DT,SEX_F,ECO_ISIC3_F,1998,0.06,,,,,,,,,,,,,,,,,DT,PT,0,,1,EA,EMP_TEMP_SEX_ECO_DT
ILO:DF_YI_YEM_EMP_TEMP_SEX_ECO_DT(1.0),YI,YEM,A,13360,EMP_TEMP_DT,SEX_T,ECO_AGGREGATE_PUB,1999,18.46,,,,,,,,,,,,,,,,,DT,PT,0,,1,BA,EMP_TEMP_SEX_ECO_DT
ILO:DF_YI_YEM_EMP_TEMP_SEX_ECO_DT(1.0),YI,YEM,A,13360,EMP_TEMP_DT,SEX_T,ECO_AGGREGATE_PUB,2010,26.38,,,,,,,,,,,,,,,,,DT,PT,0,,1,BA,EMP_TEMP_SEX_ECO_DT
ILO:DF_YI_YEM_EMP_TEMP_SEX_ECO_DT(1.0),YI,YEM,A,13360,EMP_TEMP_DT,SEX_T,ECO_AGGREGATE_PUB,2014,21.82,,,,,,,3513,,,,,,,,,,DT,PT,0,,1,BA,EMP_TEMP_SEX_ECO_DT
ILO:DF_YI_YEM_EMP_TEMP_SEX_ECO_DT(1.0),YI,YEM,A,13360,EMP_TEMP_DT,SEX_M,ECO_ISIC3_D,1999,4.12,,,,,,,,,,,,,,,,,DT,PT,0,,1,BA,EMP_TEMP_SEX_ECO_DT
ILO:DF_YI_YEM_EMP_TEMP_SEX_ECO_DT(1.0),YI,YEM,A,13360,EMP_TEMP_DT,SEX_M,ECO_ISIC3_D,2010,6.04,,,,,,,,,,,,,,,,,DT,PT,0,,1,BA,EMP_TEMP_SEX_ECO_DT
ILO:DF_YI_YEM_EMP_TEMP_SEX_ECO_DT(1.0),YI,YEM,A,13360,EMP_TEMP_DT,SEX_M,ECO_ISIC3_D,2014,5,,,,,,,3513,,,,,,,,,,DT,PT,0,,1,BA,EMP_TEMP_SEX_ECO_DT
ILO:DF_YI_YEM_EMP_TEMP_SEX_ECO_DT(1.0),YI,YEM,A,1801,EMP_TEMP_DT,SEX_T,ECO_ISIC3_D,2004,5.91,,,,,,,,,,,,,,,,,DT,PT,0,,1,AA,EMP_TEMP_SEX_ECO_DT
ILO:DF_YI_YEM_EMP_TEMP_SEX_ECO_DT(1.0),YI,YEM,A,1801,EMP_TEMP_DT,SEX_T,ECO_ISIC3_D,1994,3.86,,,,,,,,,,,,,,,,,DT,PT,0,,1,AA,EMP_TEMP_SEX_ECO_DT
ILO:DF_YI_YEM_EMP_TEMP_SEX_ECO_DT(1.0),YI,YEM,A,1801,EMP_TEMP_DT,SEX_M,ECO_ISIC3_M,2004,6.69,,,,,,,,,,,,,,,,,DT,PT,0,,1,AA,EMP_TEMP_SEX_ECO_DT
ILO:DF_YI_YEM_EMP_TEMP_SEX_ECO_DT(1.0),YI,YEM,A,1801,EMP_TEMP_DT,SEX_M,ECO_ISIC3_M,1994,4.41,,,,,,,,,,,,,,,,,DT,PT,0,,1,AA,EMP_TEMP_SEX_ECO_DT
ILO:DF_YI_YEM_EMP_TEMP_SEX_ECO_DT(1.0),YI,YEM,A,1801,EMP_TEMP_DT,SEX_F,ECO_ISIC3_K,2004,0.64,,,,,,,,,,,,,,,,,DT,PT,0,,1,AA,EMP_TEMP_SEX_ECO_DT
ILO:DF_YI_YEM_EMP_TEMP_SEX_ECO_DT(1.0),YI,YEM,A,1801,EMP_TEMP_DT,SEX_F,ECO_ISIC3_K,1994,0.17,,,,,,,,,,,,,,,,,DT,PT,0,,1,AA,EMP_TEMP_SEX_ECO_DT
ILO:DF_YI_YEM_EMP_TEMP_SEX_ECO_DT(1.0),YI,YEM,A,13360,EMP_TEMP_DT,SEX_F,ECO_ISIC3_C,2010,0.22,,,,,,,,,,,,,,,,,DT,PT,0,,1,BA,EMP_TEMP_SEX_ECO_DT
ILO:DF_YI_YEM_EMP_TEMP_SEX_ECO_DT(1.0),YI,YEM,A,13360,EMP_TEMP_DT,SEX_F,ECO_ISIC3_C,1999,0.11,,,,,,,,,,,,,,,,,DT,PT,0,,1,BA,EMP_TEMP_SEX_ECO_DT
ILO:DF_YI_YEM_EMP_TEMP_SEX_ECO_DT(1.0),YI,YEM,A,585,EMP_TEMP_DT,SEX_M,ECO_ISIC2_4,1991,0.60,,,,,,,,,,,,,,,,,DT,PT,0,,1,EA,EMP_TEMP_SEX_ECO_DT
ILO:DF_YI_YEM_EMP_TEMP_SEX_ECO_DT(1.0),YI,YEM,A,585,EMP_TEMP_DT,SEX_M,ECO_ISIC2_5,1991,8.47,,,,,,,,,,,,,,,,,DT,PT,0,,1,EA,EMP_TEMP_SEX_ECO_DT
ILO:DF_YI_YEM_EMP_TEMP_SEX_ECO_DT(1.0),YI,YEM,A,585,EMP_TEMP_DT,SEX_M,ECO_ISIC2_0,1991,4.84,,,,,,,,,,,,,,,,,DT,PT,0,,1,EA,EMP_TEMP_SEX_ECO_DT
ILO:DF_YI_YEM_EMP_TEMP_SEX_ECO_DT(1.0),YI,YEM,A,585,EMP_TEMP_DT,SEX_F,ECO_ISIC2_5,1991,0.23,,,,,,,,,,,,,,,,,DT,PT,0,,1,EA,EMP_TEMP_SEX_ECO_DT
ILO:DF_YI_YEM_EMP_TEMP_SEX_ECO_DT(1.0),YI,YEM,A,585,EMP_TEMP_DT,SEX_F,ECO_ISIC2_2,1991,0.09,,,,,,,,,,,,,,,,,DT,PT,0,,1,EA,EMP_TEMP_SEX_ECO_DT
ILO:DF_YI_YEM_EMP_TEMP_SEX_ECO_DT(1.0),YI,YEM,A,1801,EMP_TEMP_DT,SEX_M,ECO_AGGREGATE_X,1994,2.24,,,,,,,,,,,,,,,,,DT,PT,0,,1,AA,EMP_TEMP_SEX_ECO_DT
ILO:DF_YI_YEM_EMP_TEMP_SEX_ECO_DT(1.0),YI,YEM,A,1801,EMP_TEMP_DT,SEX_T,ECO_SECTOR_X,1994,1.93,,,,,,,,,,,,,,,,,DT,PT,0,,1,AA,EMP_TEMP_SEX_ECO_DT
ILO:DF_YI_YEM_EMP_TEMP_SEX_ECO_DT(1.0),YI,YEM,A,1801,EMP_TEMP_DT,SEX_F,ECO_ISIC3_P,1994,0.34,,,,,,,,,,,,,,,,,DT,PT,0,,1,AA,EMP_TEMP_SEX_ECO_DT
ILO:DF_YI_YEM_EMP_TEMP_SEX_ECO_DT(1.0),YI,YEM,A,1801,EMP_TEMP_DT,SEX_F,ECO_ISIC3_P,2004,1.93,,,,,,,,,,,,,,,,,DT,PT,0,,1,AA,EMP_TEMP_SEX_ECO_DT
ILO:DF_YI_YEM_EMP_TEMP_SEX_ECO_DT(1.0),YI,YEM,A,585,EMP_TEMP_DT,SEX_F,ECO_ISIC3_X,1998,1,,,,,,,,,,,,,,,,,DT,PT,0,,1,EA,EMP_TEMP_SEX_ECO_DT
ILO:DF_YI_YEM_EMP_TEMP_SEX_ECO_DT(1.0),YI,YEM,A,585,EMP_TEMP_DT,SEX_T,ECO_ISIC3_C,1998,0.57,,,,,,,,,,,,,,,,,DT,PT,0,,1,EA,EMP_TEMP_SEX_ECO_DT
ILO:DF_YI_YEM_EMP_TEMP_SEX_ECO_DT(1.0),YI,YEM,A,585,EMP_TEMP_DT,SEX_M,ECO_ISIC3_L,1998,11.65,,,,,,,,,,,,,,,,,DT,PT,0,,1,EA,EMP_TEMP_SEX_ECO_DT
ILO:DF_YI_YEM_EMP_TEMP_SEX_ECO_DT(1.0),YI,YEM,A,585,EMP_TEMP_DT,SEX_F,ECO_ISIC3_I,1998,0.36,,,,,,,,,,,,,,,,,DT,PT,0,,1,EA,EMP_TEMP_SEX_ECO_DT
